-97.79439494772647
-123.77564574145435
-124.07395956382626
-187.62794325329014
-73.01861775146813
-115.75658281663374
-159.84697810847035
-208.688991619275
-112.68075259739862
-137.9416980988622
-138.9088673760459
-353.9050895463088
-86.82299515430384
-137.99881937780964
-147.57108333467738
-89.41059808647809
-104.10656122003525
-88.37384133598269
-208.12876110784183
-241.65065706969196
-96.06501378167323
-93.17220555475345
-310.76510045664605
-92.58254065341922
-189.32310036596047
-128.64958572920094
-244.5366172944643
-6.874115534580341
-66.40935929430277
-364.3852538504628
-28.701061525776705
-39.081484326846905
-239.4068415390677
-144.68918380449173
-72.74074784505261
-66.56883171382135
-329.7156178050476
-181.01640119967027
-141.95363889039808
-401.60304054073936
-99.4916021827284
-116.00712359339875
-135.28884618097015
-94.76860888386126
-339.113114848298
-65.22331765462123
-244.65373837345848
-203.90751897450204
-128.85058519653234
-318.90600322734247
-222.04975103132244
-123.4871318748279
-191.47623855780986
-137.40958340245925
-178.30559952110548
-92.24264050575754
-51.7466736868283
-71.76949386941955
-179.55352779837847
-243.85073884117804
-119.4192371391552
-380.43397243847926
-180.76756820202309
-133.71794571275956
-224.27590608251046
-94.40952130872607
-116.92792678899687
-116.9463105910489
-126.5182149503383
-140.1426988592767
-163.1118895457156
-280.44546780463014
-105.20932243917183
-378.6484594983833
-172.3291729059721
-123.8796326000192
-120.48664436897617
-314.7807522390174
-280.45761554387605
-97.7218558097994
-200.18338841229314
-138.95797926436424
-124.03873412206671
-207.77493414155214
-111.98482468293936
-114.46121636845048
-55.162538841262446
-194.0655384996073
-170.36070641413085
-76.60099163478836
-129.56031678505812
-149.79234755676092
-256.13468795341373
-135.84452244828972
-100.87330038337372
-196.64830670261136
-206.17639795290597
-367.9277576621997
-70.32904817763313
-149.29273553129082
-101.46561009347164
-156.42204025754245
-148.2854521402025
-82.94363643116245
-241.42141194403325
-134.1737538407259
-108.57079705337364
-123.13770432663958
-303.9967395749574
-123.86120713703463
-214.30716830535457
-120.16045606520616
-123.59988177793568
-154.01074207891156
-217.02615143499867
-112.55096724689443
-130.87175797015612
-139.99983623856858
-299.6814465768305
-106.15853159348804
-99.39407558751635
-354.67088094222765
-99.51621256126002
-93.81749099393708
-107.90601863401952
-127.98774945203238
-129.0192983288835
-421.8536331108909
-108.24845473911861
-62.72268674164316
-453.5844602984732
-128.58317390763523
-116.52043239281001
-116.58769286114162
-228.99892437804937
-152.6949003576713
-136.8465533483497
-281.1375100044001
-190.97961699706417
-104.82421039385324
-161.0618863326231
-469.76579540010505
-144.66184665614696
-230.3757333907977
-113.10565268847056
-40.73132374913604
-13.303325748620182
-125.89893011035399
-112.27589947603286
-88.27090857763923
-106.84437339556081
-331.2894103555246
-74.51299708429757
-234.1726465116631
-105.32917138470172
-323.8531823800238
-128.8793873139172
-90.52332583308757
-141.2477992648523
-95.00800781692166
-444.76160041520245
-135.06102190054924
-313.509538953162
-349.24688201826245
-142.15452188358074
-171.51802627566076
-269.6480140856454
-253.98832894142757
-107.59457723542752
-293.1655883117438
-179.14075128760757
-78.58404838274447
-106.60350262983266
-115.54951884099434
-390.68172313765854
-126.93176188164898
-183.12139626319137
-119.544400062655
-27.18977735716463
-235.16089063788095
-275.26638407189427
-144.9016594205513
-170.11670773242315
-339.2865273510939
-138.36880750872152
-78.706897180794
-191.52360626471008
-288.3718660677652
-124.19157058910818
-148.98696992162502
-102.3933327497108
-257.75363166968305
-120.9722131000598
-163.2560266263188
-191.9612022584124
-301.18708615548167
-202.22336322670668
-282.58725367591865
-206.65053671220303
-163.19222763067629
-93.66918165708972
-120.29201054283243
-262.1618838873069
-226.20449952704763
-146.59020782814684
-105.1155350477164
-175.72187439104562
-445.64760319558866
-106.14658700460313
-85.23013771162277
-84.69743762760535
-257.5894314433392
-156.65702319718784
-161.81687571372086
-249.3065366581498
-362.6896418139237
-79.62495032478218
-303.7290980935043
11.121177057353506
-101.01657750642212
-72.5972275966998
-73.84261787561576
-110.07531492501391
-177.45101162307748
-158.74787711730457
-139.19383771396335
-286.70178058525556
-168.27130717098427
-202.0567780882264
-78.30530108900801
-111.69542631355495
-161.429448252344
-89.05894747244392
-154.36648802280394
24.842035510026378
-212.30704977597486
-32.016853881741
-343.460401861424
-280.591148284467
-295.5890742859277
-291.42391357326096
-47.99800926778789
-226.26460355258268
-337.58963687428263
-288.43003874390206
-229.48566702630936
-139.7020908719268
-149.39081638861018
-212.8086174521786
-121.67199979218955
-163.2946962654655
-165.83543685599437
-114.07918600678838
-190.77428798135153
-136.530413808511
-343.5122390798837
-326.99751091382836
-135.89888292439085
-116.44038610266296
-73.23806418588197
-117.25135949987092
-119.47685150966888
-484.851838832068
-131.24401298945077
-122.51886775342123
-98.67526957851369
-144.04133445433797
-179.43841854446646
-206.06193120259644
-337.0941578107286
-78.0279160392374
-109.75041670033569
-147.49170905600414
-97.92372365067912
-143.35353131078364
-132.73830730958557
-411.9353417007861
-200.7382659666227
-18.12995236629608
-88.81351315738209
-240.73518815412535
-176.18996091094772
-105.23789616014457
-97.39394261114829
-107.21768277519814
-112.92618732298332
-90.3358949194309
-419.6511062724484
-228.913220614001
-144.79134340579895
-111.2321855593776
-136.01189972414141
-135.58746539685106
-78.62665772158769
-69.50920495345778
-114.16891921045892
-163.4699107569711
-162.1851389065402
-89.51672975183504
-109.23027250015241
-376.99259362552334
-137.32083104853749
-86.39105235467248
-98.25302189041533
-288.78118210882883
-192.51479835633506
-21.640787364698454
-115.96363443481313
-301.39717657352674
-130.07075384183784
-155.99871055268932
-196.92026142390893
-272.88953571379255
-137.65018055347122
-78.54398711028931
-175.22574471470773
-267.7966807810835
-366.47167723338276
-388.27412247654445
-134.72845722438865
-144.0075928844567
-95.72161991150682
-126.01513615351888
-330.2870105353768
-375.1337452535313
-127.27058167227608
-108.94273098969117
-69.59456827497445
-129.6884330053275
-277.1087927270495
-85.27277904266496
-80.60078191649438
-109.6768189768285
-52.60102055723286
-69.59338451172351
-524.0554731930157
-163.8193484109163
-163.2569052602349
-34.859340441228724
-213.5438176790119
-80.50618061321937
-110.90837365005535
-82.00921609411975
-128.08336156955215
-85.75860834399272
-199.76863984866574
-167.26140647536096
-262.21904385959226
-365.959645002328
-100.6903997123416
-129.3281652448249
-123.43980282363661
-241.66222144365787
-90.66214659197433
-173.31538053487094
-102.66337184287227
-304.82360702796166
-121.36097343689772
-105.23937625864966
-333.0199905493224
-226.16646704999022
-69.16777710356499
-139.51041932178077
-144.34661470424996
-131.54709364136565
-145.0099625448164
-348.8014792897801
-90.85152799553413
-110.222051909653
-148.44894234140577
-332.5141618824269
-122.14464775733254
-332.7257200574886
-98.32498850691836
-232.62215850305037
-88.8281066155324
-219.13156020476464
-247.69532429169098
-92.30723856157299
-137.18701660727413
-106.75325415944597
-135.94064297324783
-97.40978673233298
-183.83975084791166
-135.1137586699952
-293.51406542914003
-131.60466436450628
-107.27890652792266
-192.41268933391933
-152.3926944444487
-123.45668288791406
-251.8515278509649
-96.78695643576305
-269.4397491813442
-70.31285666211875
-118.25343769941978
-151.9465164030131
-392.49970120652415
-221.23015346952835
-182.53703028930255
-44.80434033641931
-346.1927173434592
-397.5005749582938
-112.32659158554071
-165.0301496093652
-487.79902136416285
-445.6913952892602
-156.43196276979936
-161.50119972031695
-184.90324751140324
-104.37326448063811
-85.55385618811822
-41.56446211681633
-191.72025006563814
-232.23679649961895
-61.43453316353974
-65.58146271459938
-318.2618012835877
-151.29098989323364
-109.82345717693673
-155.06666209108292
-158.0432823616001
-96.55125625974412
-112.97705756561808
-94.4282057400895
-114.27096786352287
-390.56342307240914
-98.04033183391084
-240.21481563228198
-261.25139257899525
-408.2382796032339
-148.13795361091934
-397.313371568991
-239.13379916800142
-142.66059002345213
-233.23956849415646
-139.81435791748945
-198.93367159178112
-89.6208272161917
-399.9133132235598
-147.1076232410266
-166.5557516483544
-381.4081240167784
-379.3652407144616
-163.22146245418833
-108.43988001723001
-114.11412502797435
-139.68419612212628
-133.1439544223134
-474.8968398757423
-246.5237179033931
-411.3077153733818
-97.91045233982975
-189.49113828156746
-500.4266440589798
-298.5634198800855
-129.46379667850456
-463.9912472309157
-113.63539780002615
-353.51922816834247
-224.32789929314697
-86.1947831823903
-242.06874314854016
-130.5752183921691
-216.66631037094572
-277.0260781942095
-80.1970012638842
-145.8262812963763
-186.87772061152606
-121.07631288194449
-131.26585768976128
-372.9084894245163
-90.71613622740607
-278.2915394764253
-335.2262301767465
-188.26683648274243
-445.9413817692133
-232.05425599608364
-83.37735632545389
-219.3905342848155
-438.5809526923865
-531.6776494507699
-233.6464381393416
-186.35314470898444
-355.33566272143713
-86.17039366092732
-217.36743548070828
-234.79605838827513
-437.68667488709076
-132.36845687112555
-250.99095771070455
-134.62032041238587
-107.8066897636349
-182.04401899513215
-6.445543544463298
-83.68452614150212
-127.7786748391157
-169.72008589348937
-100.58329608240582
-95.54656979839825
-103.32637304984078
-89.95229028922549
-226.14756495296348
-301.37982638007986
-77.73890625531774
-295.0851145339958
-82.5764207684121
-238.6433053528803
-148.65825966834566
29.950537388549094
-94.37784474616073
-376.4931854979869
-326.51226223715616
-131.14592879073209
-59.20805383293629
-107.00771617433453
-158.97691733960517
-188.60027821065984
-147.40420663966773
-156.70338032568355
-40.06624506059458
-120.51752393437968
-210.51246896904834
-152.8376510386828
-57.07558944998085
-116.86442131649761
-126.32264610772486
-257.73526597867567
-188.26524601282392
-340.1183271060253
-56.81286973268457
-129.40256397850192
-216.0877295737658
-414.97813061482657
-190.65487390083334
-446.4716569348489
-328.67788243551615
-237.60361545799668
-118.07079680634328
-118.24899233473657
-138.43582695407824
-119.52508242231801
-158.87761436244438
-95.19364712374978
-380.3703638011916
-257.87501242613655
-179.3399649987295
-342.9990607772668
-236.57903749955702
-350.3374604374835
-141.0124243101012
-161.31976963667415
-183.4350326474222
-89.09463264797225
-258.4201886467966
-64.40358915255717
-156.88131255692093
-106.11957665656952
-131.123239484783
-198.88286277661365
-407.6166258071555
-299.3771103119446
-242.77877564736434
-115.91804101133422
-83.89919561098606
-116.71515471079431
-161.99474998512449
-425.8804457485001
-235.7161462854249
-168.3358535458279
-253.37100790980548
-2.043647387284821
-352.3129038183208
-290.51967935626016
28.931159229696505
-206.3313493849991
-132.37303270935405
-186.64305315371843
-164.08037557468077
-101.00706568502908
-281.20311755129853
-94.9143189167363
-96.62247885484246
-150.87122095235566
-237.67993678604645
-71.95248909997298
-41.32611580318036
-153.59234902887724
-112.8877747476114
-98.58356283591903
-80.99524011674067
-86.09741350269573
-216.39131803654126
-107.7877483086922
-120.30056393500347
-248.39872069786097
-249.4389091326456
-148.11191918179168
-123.8292741443804
-373.1517769627277
-104.10146799856042
-377.70510006433955
-72.69621358491037
-211.8478275206278
-57.90388171422307
-172.90181941751416
-224.06706053442971
-97.74878348604256
-132.31275007686065
-258.94536364260466
-210.63194369117133
-203.39524830888814
-465.7638840031389
-121.06053065988276
-298.1886898894341
-242.08483559418505
-278.1433013998359
-21.19514556078633
-152.90123087931315
-241.35559186422017
-137.3565592888553
-318.8006705948354
-99.8909066185976
-139.09919665320353
-126.28600688892605
-41.38113508107549
-221.11378395714496
-94.43338926727321
-432.78669559753763
-135.84367249001042
-135.88823010433504
-150.14427683950822
-108.43018357344259
-39.67450457937319
-88.19441451023894
-104.71595208681236
-131.32662606501376
-101.62400510795393
-277.8521330862868
-262.04620879417024
-250.19805200027747
-350.538305769659
-231.44811837625866
-249.28296498445047
-135.160065057035
-241.85383824625808
-123.68110587538418
-222.93011166901232
-203.36925174690865
-390.20924313380186
-223.0581428707397
-110.38994796383349
-214.3332316999734
-156.54369991107626
-206.558528628972
-133.5908441187502
-139.22264434011515
-136.3439513638018
-119.50068812329752
-167.13546096963012
-146.88143558662796
-158.36693151464897
-160.85626375069853
-104.60362006803001
-198.10331004183016
-244.00026550739642
-257.71159182156146
-121.08811449672145
-108.06263450580184
-338.75601077956946
-62.977281532287336
-217.68545297963794
-145.7439294063762
-110.47610301074225
-337.2662005260102
-282.09209111160305
-206.78880699245445
-92.85764931412669
-227.9692110882416
22.985916016806087
0.12362215462970028
-119.46046474110379
-2.407935017546265
-263.8570399107205
-315.80318454502185
-524.6548727716829
-446.32684631436626
-112.34707930112113
-141.37966001289465
-118.84705938155057
-109.55249040679455
-171.50443833035717
-250.38927427679468
-207.51959274419931
-369.1547181170932
-227.61989213376404
-300.1543247129306
-386.8496004179461
-376.5002492981247
-213.947377240374
-135.55867395949326
-185.6002403688338
-121.52178981837886
-124.76160788403651
-299.0521713979931
-343.6951810601204
-165.14283772117633
-179.12539221835567
-415.57024993137935
-114.07748824704076
-386.1885379821124
-414.5485995633576
-140.24707443818096
-113.91664580418492
-61.25344327155782
-255.2987307091332
-391.8903477556641
-125.04615106917137
-607.7390662454957
-181.4529202862418
-372.33150759311604
-100.19168130018093
-111.46622565153095
-371.4622619574069
-203.5414761261859
-293.36978670463816
-404.88539809128144
-285.3974803726992
-296.3696090606179
-430.80042457155105
-120.10606065830166
-318.40334065118236
-509.30243577633365
-85.94060000069459
-264.32143550432073
-134.20328095282838
-402.0633888947521
-159.75929823877829
-105.6036961081483
-291.1229812558022
-167.81660506413144
-268.8848355606989
-88.02277153604865
-188.94701446193432
-169.43471318353573
-201.91023703919228
-161.03587310926434
-181.28901812038742
-378.8940341841138
-137.07165305347118
-134.22780951256289
-255.45642764927817
-449.38449429343314
-53.69781000727919
-6.0196859075439715
-122.05421741746729
-380.35652972011667
-226.13346831319393
-313.1787445504567
-130.8035934416163
-233.19556591214672
-159.00181116290875
-259.1633964394058
-256.7605461182916
-243.3102560899843
-12.185792840083124
-73.12391919695567
-14.035718245616494
-102.98684252670084
-92.40831430634387
-144.93130490114322
-113.72516184159545
-339.8647011723396
-164.04150257817838
-360.4653699804295
-171.14557495644658
-293.22220790256233
-517.8439074086608
-299.1664764496286
-249.1664153969145
-95.211193715184
-147.13643838610386
-305.0261409823871
-213.2199286659678
-281.65703385188317
-223.74824522130143
-128.969266896644
-78.0881961476172
-379.11325818199055
-110.0068618564046
-358.6584891292981
-78.26902508345137
8.174495896821654
-123.6782374151584
-80.69965711125477
-113.16899784591006
-481.1220318074543
-282.022018645837
-291.97309341201685
-373.7771304882527
-240.76419003314786
-322.47760670263995
-212.048130917368
-129.74408428317193
-135.6682026584233
-203.6631328345445
-111.8546806232179
-105.87567401321786
-320.1126563431136
-237.70874434610312
-377.38696476973695
-338.9148999294971
-109.7689543334968
-312.07825569185025
-318.18684346656124
-252.12764514800023
-112.26285254284949
-338.8981836898304
-241.1065248913836
-181.5969158891482
-497.6774721817694
-411.7074485670755
-90.62330861474878
-482.0862906458595
-138.02829181104323
-320.31882775487963
-124.79738684703855
-137.40628326275606
-456.1557427207508
-97.94519137383253
-531.7458124808718
-443.52766391869943
-6.608610731781226
-263.0156586901148
-194.97471544087927
-120.23886090210576
-332.4339122660666
-267.4608532574548
38.10172298967103
-154.95939301191834
-436.60994610750254
-242.9009285213652
-232.4475489178032
-209.39142487129487
-219.87615620316808
-250.20972617154644
9.740061372551054
-191.2090204738039
-361.840136518718
-219.89025546536175
-104.94451198169627
-451.1590135868601
-221.77563470827863
-160.96529024346358
-122.96985057313645
-317.07912365354196
-215.53008058206393
-122.89808661315064
-273.7203128313101
-148.59439885510267
-115.63627951827759
-107.430263704049
-226.4999283650289
-87.04581368963281
-150.52832656779194
-329.9513450721411
-136.3913932995182
-228.4475484001446
39.645066773764626
-327.0602485815479
-95.71551963331831
-198.95914521394886
-139.68553035755605
-191.55065923803147
-597.1924523245993
-130.7010930392766
-334.3494577678833
-154.00782349616276
-48.47717488797319
-253.9427562771442
-399.069944556682
-127.29381966080746
-181.8981411237275
-200.5113947123976
-353.68031117745676
-138.45657027729573
-81.02309405554846
-218.20680685053537
-209.43712132453084
-345.60019608138373
-118.11534188134385
-343.4998200412457
-158.1342952264675
-323.81540412957645
-376.88737866393626
-319.905044102681
-301.56965582318645
20.530763260460233
-282.84370387247696
-100.88425331305663
-185.90646593256182
-236.11108970090243
-228.55215082039388
-204.30659475772845
-440.1406710530229
-135.3441224043945
-141.59234960455962
-200.9578737090793
-312.33179031312636
-140.56001795419104
-20.79551634450992
-125.40330611057482
-136.03565050550014
-174.16302233038147
-74.02052361866177
-316.0740487552628
-247.80554979874458
-177.6585563260729
-297.81441577574105
-110.86091888331654
-375.04728005380645
-184.75571927774044
-241.5646054554067
-155.66690488377418
-131.14479423705777
-295.80617105088015
-196.4685064956276
-207.89600404584155
-120.13252605080571
-201.27375971364506
-159.59899340628644
-205.9852003867245
-140.58545531594066
-353.6919127973748
-134.17310656989397
-185.95501369739057
-345.95726469649486
-331.01364899251723
-198.64391793874452
-393.2342181616111
-311.86217593099724
-219.5197507481351
-152.4895626131136
-86.64858610196679
-108.65443693947778
-291.78797332708234
-190.3674599564454
-51.30703035101156
-194.01043310032765
-460.10326874868014
-126.7011478343277
-102.46502423682796
-498.5027264553731
-278.98207752979323
-167.44609785169698
-140.33385446333165
-127.23601759956078
-133.30174856380546
-360.2888528215541
-446.89905038267966
-183.2293630467175
-248.24450978230124
-97.33741411213038
-234.4716237891579
-207.66647568680756
-223.80893452307555
-296.59788213660926
-349.53935405233926
-174.8349504583685
-288.38766054648875
-277.351702300331
-107.3973524714754
13.428586232414418
-232.11011376455548
-65.15037506122111
-149.541840724347
-257.56840306771977
-93.08570313852091
-468.6559926784453
-349.54052302758237
-435.22507639355445
-171.76002023121768
-110.05694082983827
-363.5945469271243
-205.685942402256
-194.76527869304897
-26.78743734801955
-253.80233042296447
-328.0883933527497
-156.362212417782
-371.7772588550952
-365.8808192304805
-256.09476750482145
-98.59159767329788
-112.60824151625019
-81.15497665812782
-245.0621925804445
-312.05504569592983
-268.39535274437026
-307.28347175816043
-211.4147140666392
-204.55038811376158
-228.9982776224384
-248.0429730591544
-400.84254629776376
-408.70861539870737
-232.4956596224091
-117.48253701487624
-27.870515255710316
-453.48240893917193
-226.26957801679765
-233.29883594627037
-94.67022043508705
-301.91284156476195
-97.71175198658206
-226.6334669954275
-222.3690198073995
-152.40843817794325
-129.82755228102678
-400.16354287458506
-206.43126625845912
-253.438707861256
-303.8958639880693
-47.842241460965184
-228.16687861215195
-289.0658835432715
-199.9232529575588
-227.6942030096048
-198.60029189003507
-336.94440846334163
-113.64023355999117
-285.8632451430961
-110.3619252380342
-350.7126590354977
-378.3821810229286
-494.55153288572654
-113.91262853928589
-121.14977407839932
-171.86192300367685
-205.64014964882205
-220.20769132911835
-319.0599665191534
-400.080858970915
32.44420073739653
-103.29866266056194
-355.53279231045906
-321.7112820369839
-364.2696112757378
-390.4546788300042
-276.7413710519989
-241.3355419554207
-85.19465492491045
-108.18093801858261
-142.15580750602237
-337.9479307298228
-368.0520779947295
-361.35086447245556
-107.44412722236952
-235.62372035628923
-116.89289155636204
-122.29561464872211
-342.3793191635888
-334.414227403283
-139.59022260690813
-348.97421690834585
-205.80072180629634
-284.9049898176478
-499.2730465022473
-373.9553358341991
-277.8266582644128
-369.01057175464916
-150.61588056966042
-144.1020455940894
-363.3636445134694
22.585778531270478
-388.22586691757397
-102.51330048271835
-149.887543680364
-211.71452760103176
-339.80502441053636
-341.48130964290334
-101.97110706124492
-129.7851806095619
-125.7509809066715
-144.8161377648846
-503.3774643531495
-286.26287523949895
-93.80533639571223
-252.95630783733594
-127.77690298526142
-223.61337583789307
-353.58141431475644
-499.05650156166257
-275.8829599642977
-331.52023761485555
-157.22713062037604
-289.87244199156896
-233.6338137893453
-395.7133570254338
-178.63582145997373
-108.08260214946081
-286.97343496333133
-330.25782868200395
-174.53957895216826
-379.19745550687674
-252.03392157320908
-303.437589256214
-309.881855335482
-297.52472398869565
-328.82428924436994
-436.5659103451035
-356.7117007116115
-225.41470439559302
-225.7382950833483
-440.02599983909334
-134.08737223970277
-4.183380783536791
-201.0380254268469
-147.77710965222002
-625.8631383488471
-417.9407095359063
-175.85594148744445
-106.71893954792812
-369.01718957537713
-168.7911115467724
-235.0438990663697
-428.8385539464072
-454.5592149903098
-112.83372941734468
-232.4413202296281
-244.09497276509774
-400.6949687971557
-270.36866786212346
-133.64795089216761
-203.63315366658924
-215.96872406178528
-331.4311121244807
-373.49031221109897
-112.41145486381889
-252.57075574554258
-187.67288446048778
-105.845872288355
-307.5528410035482
-361.27787826788983
-222.99862729291056
-203.46189452001477
-254.03835759863125
-254.34583339271893
-145.34991602341398
-267.83314379831444
-53.45667525236575
-390.608759209111
-321.6094251166242
25.86379270288043
-192.63099582809187
-190.12411784379313
-174.41628498140568
-396.05427268509914
-199.98911980697716
-211.2298083917609
-358.35122842013357
-313.55978887654277
-333.95992600542
-307.14409665182006
-139.9624814469765
-312.78599665335514
-358.7017799419581
-435.5322236730058
-318.4592872845369
-125.756581378937
-255.26217880636165
-354.99506883404877
-269.16223168933004
-291.4130915081247
-183.14516521296372
-329.8228861771033
-152.09252754902923
-360.94991371079595
-361.01336881698376
-187.36412621897745
-354.51412569590343
-292.6909457211332
-254.7382801464977
-113.20341199933378
-347.21911732425076
-371.7807117783336
-320.43864181184483
-247.39290446684686
-224.10464797603302
-208.49534533885202
-417.01145926118346
-163.82515647012661
-158.56249555301036
-422.5439847229279
-132.57249355014875
-110.7259951403495
-245.80178014939003
-329.6261569340358
-311.1062834942625
-272.11154607342735
-275.416718920495
-404.0853851053277
-114.24149753338634
-235.32529477023823
-342.6341961821274
-269.34123204129054
-123.55932923340066
-128.39666739326964
-219.5703147732626
-118.87574132116255
-127.05337619220589
-377.9543690608442
8.886818369366011
-371.29432827974523
-116.35036310077895
-41.26761745136693
-148.8116715513738
-316.5125459076428
-381.8934462840204
-130.31440370494383
-297.93314121822107
-128.82704212769457
-209.05982403437974
-344.3685943795724
-368.3133468566791
-140.73103626772297
-227.40448318938778
-207.38977860847956
-323.416786149693
-364.48339717904133
-125.80541273448713
-198.57350010008417
-262.7509748601732
-421.2839645528596
-219.82669265363654
-306.9748553750112
-378.6430872439732
-310.2996416831158
-250.4861861663631
-297.7036165651422
-291.4096104625339
-146.5956112589963
-360.41048705520717
-290.2579916695312
-384.7069960411297
-194.0802398935925
-136.1584081890706
-557.3703887117697
-391.3283377495379
-336.4834419226934
-287.6745163279754
-220.38508279854528
-243.51872942154813
-225.4957950738895
-164.91614363824755
-232.08313662071126
-219.08112494085003
-409.75442914148914
-346.26833151446897
-273.96928175715357
-266.90822734744876
-120.77110982227589
-170.0127574770697
-195.2344590732426
-190.7623220852281
-348.7323404251351
-122.01021857979984
-201.39488458333747
-187.6599925999493
-252.27374886902018
-202.68766633228586
-199.0203648495484
-328.5795436579907
-218.77755037361308
-371.6797289654076
-180.6591292673945
-198.6438783057872
-168.2781529989952
-290.5984763158483
-101.24047659880245
-520.350446276939
-203.58918437263765
-227.6208540937841
-408.5240469730806
-247.00726619627838
-186.3089282942215
-211.09838088981405
-327.30488672088677
-153.88362461163138
-335.8836916466558
-266.8409325278624
-257.4289997649331
-366.15016303128834
-324.2114135671551
-160.8165782613868
-142.8575405744651
-254.9171353199119
-227.00187529814218
-363.73928608248735
-185.75970684610252
-136.4743594742647
-236.65966968696978
-564.9051344774507
-96.10757817055567
-244.42741898788694
-211.12284971764552
-349.79878786637755
-86.05313569996167
-143.15932579047217
-347.10012987710115
-425.7920281326408
-245.840616294674
-184.1996078610389
-196.8141620063501
-167.2247210598617
-232.01314033751387
-186.02445999726498
-170.7720686684196
-227.8408944381809
-140.2842694070726
-237.04486883389248
-135.644104321489
-407.71890696707965
-553.8311904119147
-391.3473084849577
-241.3449328709696
-220.20529973272883
-469.1609287685403
-363.14100183384807
-223.05238346165666
-261.49006720980043
-387.0734731607837
-372.9766166320499
-341.3746326679594
-132.1276361622375
-271.7956536459492
-187.10354823510502
-126.79535405962376
-159.6287084238359
-217.9285847895342
-196.74373971970144
-402.677596341121
-368.5660141460234
-109.23382757207497
-199.7508774287869
-142.1010779314754
-377.65594752363586
-424.9794163126307
-527.5646679852641
-299.5492465878698
-19.617486949343586
-232.13132670320354
-478.9686624897117
-306.5919161618111
-167.91209389030266
12.060454251816992
-283.7249041822836
-191.36283825544297
-385.98633389316797
-224.99109363524644
-380.83968956545164
-215.2241947200919
-227.6445709704918
-295.21575038687433
-164.4042934531724
-153.39830884017343
-154.4285086893908
-236.05782260450727
-114.26992515808041
-84.52220831516817
-247.38723305907084
-88.81068584906389
-260.12587791989955
-383.971729750859
-139.05913154042085
-480.4866725986046
-333.17018954220333
-428.02719796379216
-326.48913264917894
-111.28873885155353
-255.07387830030407
-463.2412710164789
-128.62200197327562
-488.2141415634708
-206.73111339713745
-307.4909374153202
-370.71366495710583
-385.6173299228931
-250.00678087295054
-252.44516944088147
-442.31535386941107
-284.7985720640494
-264.6173008388157
-208.55958678523623
-362.48679355211146
-142.72137228517238
-99.83216383465818
-365.8242884941995
-367.6007140098898
-440.6466534859255
-258.13693792484975
-90.92578847730758
-107.10357545491954
-342.4497432225626
-91.87276327796418
-213.93644175392632
-428.4796231664441
-283.6423061680653
-444.1455802436343
-254.54386068675385
-486.06821016178924
-198.9236283503675
-311.88374538944555
-286.9061124895548
-328.3209215710825
-473.2528912316566
-355.4883390425824
-442.66234759890074
-309.7075368685246
-342.5515390339439
-224.98334830215873
-177.00936119474187
-279.3784627223403
-270.63133126022024
-186.95732583008595
-129.7263379724439
-138.59978939238792
-352.4508304486027
-205.5415995936003
-275.9757940756162
-286.94517378347126
-215.45795775234723
-198.24843204824384
-361.2110951906809
-384.26065277713064
-308.8818639474198
-141.90377747905308
-225.65522353702679
-164.35292014085564
-162.28880209803071
-444.3596899774599
-223.78157320435258
-141.9917332644863
-120.08091402749959
-299.7312756032667
-235.90716231005453
-131.72020844860114
-282.50783601812316
-374.41297296002125
-230.71196322457055
-399.19082968090714
-292.22937403326415
-303.1562256016708
-79.33639594822823
-258.3462052689904
-379.84864220376477
-229.2321191751307
-414.77726860149346
-298.5035834421635
-355.7849615532649
-352.79460512694186
-86.35860776562177
-297.04475962874375
-278.36506614276175
2.9807577654705284
-218.0064714762655
-271.8584389495568
-366.0353965570758
-189.2781776915267
-224.9595593850229
-213.10271615218443
-268.3296905812333
-341.8641231832127
-369.18250501206694
-188.41864203659256
-309.4552753619904
-141.2714799059037
-537.41102730769
19.695680782571515
-391.89948816964574
-284.9906399952663
-560.362926751862
-315.08388073989823
-217.14095780563284
-113.2597939501182
-155.11334245763268
-336.11981340460204
-312.5532572108674
-266.3621889227134
-448.29009150743366
-369.1658237205877
-185.8879671639269
-118.25890160383894
-203.09973255821527
-250.8116222462146
-259.1812271528962
-416.9291459001888
-443.8211338291403
-231.75982529494036
-335.5867646928741
-46.93796006703377
-287.4691781166196
-198.25380868041333
-351.1735855044649
-274.57451325303066
-191.61481501186447
-149.56189219092715
-160.19145014536463
-137.94760146548703
-124.17750952933457
-351.6007502418545
-225.77445276060774
-342.5441193564857
-495.5681791374606
-394.161288383187
-55.63431235353808
-360.62359300923595
-368.52395217848755
-279.9842657494004
-232.48756097546314
-359.5442089618265
-323.0062910525762
-326.6356406315408
-251.89704621251636
-152.98434146183635
-384.3743924529618
-330.44912866337177
-419.9564382424981
-268.8763191357658
-283.2352985804034
-178.87007812272873
-346.30830197239095
-336.97468177385724
-310.57293431701225
-386.27457649128405
-419.3522507517034
-291.1424727233804
-118.47398662315607
-282.90856706418685
-118.23079097237108
-377.2470192712465
-126.98740359345929
-305.2373509049709
-285.9861793670982
-27.150226849954095
-385.30970151675155
-227.41820224590595
-287.6292444221949
-309.12470074064555
-121.90778443058309
-445.1558596837193
-453.6632739471704
-428.9373959427195
-215.01111324248066
-432.2493615975767
-209.28412132976635
-329.82045159636965
-477.66873871831854
-147.26500116094266
-289.5419025461598
-169.57699602491465
-336.91708356875483
-346.23984332440887
-250.30827101974336
-310.3477075870042
-281.4602756979608
-270.00440042311277
-129.87212388807805
-477.53719346558444
-589.8382609074152
-291.86721916009435
-342.92338449253856
-0.38364506904839857
-285.3545294301987
-217.51218344698253
-278.49314614567413
-230.32220563741478
-175.37399967168025
-368.2524164756807
-310.1130037431955
-247.6178163986629
-441.81665837970877
-410.7520580612144
-280.7732633216589
-154.26490801049067
-191.7152740111789
-499.89746314332035
-380.2303083422103
-345.4973091477548
-291.8665258085876
-230.1669238630147
-499.8998522850197
-415.17443358843195
-272.88021228749943
-220.03092871696975
-442.84663870946486
-260.8549048479298
-255.61252533665854
-315.43009867027394
-373.1346300298958
-416.8873779532084
-150.23731703201412
-190.97634085167573
-315.8057949815877
-332.7582323975495
-229.74366304925485
-264.11172763188097
-251.9237351777542
-216.21629565167092
-440.7750353306269
-291.36596091180104
-375.5538577851666
-154.47655032625022
-137.6183303748573
-263.1720509455792
-295.9884818836069
-214.88668435682752
-391.41417802875947
-389.97512954232155
-425.1294627184962
-335.43684225424454
-252.23622780776424
-287.7234241982774
-618.4271601841162
-325.3416990452937
-196.0826729557142
-319.06401358864076
-332.15474387304926
-316.7053112524387
-20.45056341371972
-153.41114258898122
-350.23573981069967
-323.7573486779463
-287.3953540164783
-336.08355135321244
-574.9102747654425
-278.50282827562313
-505.20956859173515
-181.5892131196458
-205.88935723705123
-151.4316955994031
-181.88756459477878
-188.652607729327
-300.8361723214879
-208.10650526961157
-334.5848893615807
-305.8229138157082
-394.27079459091226
-354.7536816435196
-451.72374140036436
-208.46370088935328
-386.5302594356959
-394.9848521220258
-249.47331455585407
-153.27400251664315
-463.0679067747074
-323.3544268876355
-258.17269775888076
-232.00046789092997
-203.11122511334275
-124.55401183141278
-512.8212776046743
-162.76135903792908
-357.9684038756223
-153.00005810725077
-134.73394257055375
-350.55546518448597
-210.66115719005438
-312.95040991145856
-449.42026422928626
-397.617738584435
-348.3419102923968
-393.1452856814211
-206.87862830311036
-448.9758206264238
-367.9623345686682
-101.87294655044732
-373.84489093384184
-286.0767450691689
-320.5179342627297
-385.6534345536982
-412.7690505258274
-322.8865198844097
-303.68877757888026
-243.6339443057866
-255.70090303116928
-153.41078336360076
-382.9994834812958
-470.6017117613799
-364.51797322331754
-406.85576154977724
-200.92003642207024
-173.24713898156702
-508.7846208930005
-266.12658921784197
-495.07033880512864
-207.45527058375552
-303.3130651343246
-239.14277342705125
-396.033683635987
-301.3291830259343
-460.4888179963364
-454.78618213000414
-303.23872671197614
-133.5224656087202
-203.7918855394912
-395.9369084332801
-214.81861232262665
-494.495091258806
-453.21141336750566
-428.456042650482
-394.68126330902834
-25.906383941659612
-153.82370127228506
-368.2117531963278
-164.3794957779316
-156.6817104194113
-295.92749549891664
-304.513465641897
-344.175889510456
-366.1865493467747
-118.08209454781469
-134.95908166076782
-314.5601972405544
-230.9541699083939
-349.40598905826664
-318.59883701885497
-294.26020929320373
-426.6294226026629
-287.0112322795328
-388.6213999740999
-378.6866945780384
-162.05628860847202
-187.5991262174886
-293.4997678606028
-359.5113509581178
-275.95114585607405
-40.28978991961087
-177.24540348295213
-421.4948273862455
-392.24773566595076
-301.5279921034477
-337.11883813353927
-273.275374244235
-391.09849377034277
-543.9994323676059
-368.64851102536005
-146.99533455042905
-193.82391962579607
-190.65329501543044
-406.6782488744692
-319.2831721812492
-364.4000585611533
-400.5382081331128
-369.00368768466865
-204.82889397925098
-130.85868647123755
-219.08275465686512
-324.26905119808146
-241.7182652352377
-295.56753822068674
-380.9554337802159
-444.30691902875344
-285.2048942467292
-207.48700778523005
-155.21343516921905
-178.32875929825227
-147.2978799356058
-436.8105995511395
-216.4881163367748
-299.4400977316602
-109.56621529272428
-139.427918159143
-231.92261833997162
-474.3517865234146
-227.53364322251218
-178.98419793540768
-140.97306267066065
-196.19812573448107
-202.4789656499498
-260.69509640240784
-279.24228707288523
-253.30703169583538
-243.59789565840856
-389.61453820100996
-275.6980074895637
-324.4357304215583
-368.0209856154184
-344.65317237351303
-531.3163646805256
-512.2086184770579
-150.62377766300912
-149.91383268308167
-414.9553055301933
-369.2755893209021
-390.64475270091543
-253.930889270928
-281.31674206834464
-240.24534032142893
-407.10529565701984
-372.4479853880832
-269.07142372542944
-175.92038703279664
-317.47661610576773
-240.48775774942462
-468.967954722271
-263.2833445683225
-305.0717018261836
-329.8414763626989
-326.8281363354968
-368.08101375459955
-356.0218644403333
-500.01733158287516
-338.399363660313
-611.733899544429
-213.128966280479
-248.5026569040885
-234.9458531925643
-509.32692104758354
-149.63774121323212
-366.3073998065239
-215.60381636817863
-383.48553883420135
-458.55861557118925
-247.23474889886543
-238.81162149385486
-18.580508567051368
-269.50360497296447
-698.5507538693282
-211.02532811953935
-280.1868810722833
-313.26849057494434
-397.9219147705799
-156.48101206347263
-366.93383026348863
-460.5078644858398
-414.2509309009571
-207.53150931548373
-189.57269396732664
-239.78449861598165
-296.27939753144074
-342.6680585560813
-220.00182186244638
-247.71239311336754
-413.1753699999947
-217.1482864851711
-232.75049334837897
-266.5866551741408
-503.26173669309867
-418.0837175637512
-193.22956681363388
13.4138063365765
-466.2148391873103
-424.93584568122884
-525.709597844146
-230.6923725329934
-389.761660219096
-363.93636523783545
-318.98452380470803
-432.16085103945244
-287.90347726534833
-135.81469049237245
-327.77771718661194
-372.70602953515817
-198.9409193489061
-378.4599670286728
-379.13317016292615
-182.16240834586034
-318.7503181598929
-276.6802717439017
-314.4226048479052
-405.91236256089724
-154.69173166448036
-502.79766508028035
-505.0696352997584
-233.74312418786818
-184.7133474653326
-357.576133646363
-348.94491027113384
-370.08719638505585
-186.9088355895916
-264.8247220700432
-477.1046440290158
-438.71647332641
-209.16681989720522
-283.2954174933103
-213.7694683284351
-253.55276233454802
-292.3572250088173
-227.49404785611588
-349.33933723471876
-393.33891588122776
-503.75174182828164
-404.7642869710128
-271.545771403805
-308.5608147316674
-540.8703655757038
-230.5052331016484
-347.52769393524613
-265.8498084218021
-332.4157295313415
-451.43285815827244
-173.07381095972244
-535.9974447765542
-542.8124271646384
-437.89829323376046
-196.01805470492008
-352.5389349124823
-280.030583381072
-453.54226925734656
-149.66123477642404
-503.77065428657124
-365.14829645239126
-428.13513142754033
-93.07239184986527
-425.41659465623457
-142.4833637041757
-422.101704787462
-427.11164684070724
-353.21706587826674
-139.5113706822574
-465.32974755201246
-500.3689026759301
-126.9735129829645
-238.97408131593897
-310.3254779295702
-127.92098790803576
-399.62019489727595
-399.29019271765543
-323.0944710923717
-330.89169943740603
-310.9449851010629
-275.95599304079394
-398.4716419762417
-356.3356004000794
-391.58638577177106
-151.36842012290128
-454.93744078164514
-355.5069527952811
-266.4976684873634
-474.39559741416144
-436.2795706653302
-315.2277883038764
-339.778153400925
-314.4593825155514
-214.16840904105865
-226.5762420568249
-449.08337993373163
-230.5804434520569
-377.79634942038535
-138.67508677479714
-397.00119666599744
-355.6173045082203
-304.4958362886315
-356.9454930065132
-171.51856913069395
-371.72356666277824
-361.1823209591565
-225.07372449306013
-235.93070923202785
-9.153889027936245
-459.2758771069671
-477.00686332636576
-323.5585359108471
-439.5187397299169
-385.02460563364684
-493.99971663406393
-229.55452053562735
-608.2588491298307
-226.10823271887853
-366.4251485817819
-492.6822493928803
-386.12199859007774
-435.1416541757572
-388.3113577116453
-410.3241379686971
-286.5999483419656
-251.54215108942591
-267.0263331571224
-259.2917002755448
-345.098833312072
-200.77167109910943
-388.8088199542519
-236.24642123559522
-332.7144480583878
-299.4710976191667
-222.91677546427286
-514.1208230541808
-352.4442871386585
-158.7461408694315
-421.09197474236237
-281.53655059093603
-457.52693826636755
-160.9082709011842
-225.1783383535018
-304.59058611419164
-488.30508340118934
-278.154201643912
-314.50581321578824
-499.96705167855146
-240.2199548962461
-296.4236347041185
-344.37214843589965
-426.99152711616046
-499.2332752177664
-326.99919025520705
-104.87946240041487
-380.6056390859851
-267.09244537631946
-540.0508076051251
-256.8081435958281
-276.2363702236572
-342.88605440477374
-539.9653781016895
-322.86995228620253
-400.9887977789553
-321.2990027598722
-329.62815310081066
-158.95818455175922
-166.99200843210357
-347.85030950026396
-322.59164891500916
-479.55722114394695
-261.0802544774971
-500.51078289279496
-499.47604755181925
-490.6091200411399
-357.9519977592638
-457.1820520343455
-201.01195451634317
-330.7364130968043
-321.2756971368393
-190.71223371963228
-249.65846633956932
-505.35597310623655
-218.0656681267072
-396.13104624352223
-356.20346733163734
-156.37655844933383
-376.0433505239454
-375.61556332663105
-296.04219382078395
-370.07837804976526
-355.27625206087
-371.3188302822564
-334.04152631850127
-310.09450276758326
-209.18359718929833
-428.1022927814895
-417.1607218846597
-286.1724317021383
-346.1744719349101
-221.23361348488194
-600.3021632641635
-356.9324896018278
-414.0958379954837
-560.0679852834779
-315.38087777810176
-297.66971105311245
-366.6734408284543
-330.09105831015887
-140.93185611978402
-375.76332400092167
-383.2685353207133
-206.07365034116316
-379.60323429471345
-380.9399726134961
-361.3253845126223
-475.69784651127435
-235.6349956840058
-376.982914855815
-223.54297814317434
-494.38735028839244
-411.09932157571205
-450.31096594587996
-270.86176573090404
-243.17074686436382
-205.416955273313
-422.45350609240035
-227.65276425560813
-320.1971360990892
-347.3606028440422
-410.79763904354354
-397.7769882821807
-246.32225850197352
-388.90110614030215
-457.7585379802478
-609.2822912637841
-489.5705917358076
-364.4064615295866
-487.4974332051793
-403.6452411085231
-221.56918358437952
-241.0715995284993
-402.5985972011927
-278.8766201391369
-433.22396088109883
-472.91584501671036
-539.9814098929564
-315.8744540739316
-346.2243360986547
-436.2947699906839
-156.1206187426926
-258.66911590788584
-425.89205374135696
-519.0074829654717
-341.59527926922124
-411.1718738953012
-262.1188774848379
-316.21589748177485
-233.26242626630207
-247.23247461093234
-147.66662743648016
-384.1502424366523
-365.60043693920977
-353.12363256992876
-202.37784283898213
-457.0617624929066
-156.82230000300092
-243.72426237451728
-493.97717300492343
-179.01111026497367
-236.20603113625006
-519.4189670563371
-439.06267009549464
-423.07672047303146
-474.6201075226562
-516.7127422133078
-274.90281306018244
-478.7437758080125
-297.72152395116893
-332.5392636553122
-351.4953963334457
-260.24209178188596
-241.77064185409
-133.84884184691688
-426.64642904784444
-318.9386884279447
-457.15483804315005
3.1205566537152913
-333.345453838366
-431.8648165099378
-350.37971929444825
-463.8540047181616
-252.37678635301236
-414.7950592369896
-269.3094392927843
-197.47107330600775
-426.75222529444983
-552.7580758067463
-372.73360801081583
-381.56811677779564
-249.5842434503249
-442.5413644316751
-538.5813089561545
-377.8909074185731
-358.1460939940429
-395.424111214016
-202.42210641292135
-195.0149726635368
-416.8368083622465
-146.0091802744229
-459.54438111783327
-27.180959704968927
-205.57411597277803
-399.80603631087047
-279.8481745475375
-401.17260723872096
-193.68293056398662
-195.17776986830967
-137.5396294446153
-298.7049575821248
-514.6483910603829
-219.66741009928023
-261.48553668688794
-369.93879209748565
-458.277388488336
-411.66018566648006
-361.09285694785274
-338.345135347534
-255.96053837558242
-423.1224837478813
-340.3929289714502
-214.1226383851156
-314.7239280184101
-419.35311076558116
-313.311760051619
-210.54987832483675
-457.5418673236812
-442.33115247020186
-386.7822127131593
-368.83158848362007
-302.6960989925351
-297.52659920082647
-249.26778581512949
-365.5512596127782
-505.79706473317265
-194.3635898769056
-376.9577631106973
-413.64371657283596
-363.17538970804856
-194.2515169310357
-489.7816059858819
-415.7867638492749
-349.7845026757053
-435.5003238505116
-178.4433464077782
-373.31959791863034
-341.89564873470516
-300.43180664218494
-489.04298024835265
-515.1205490174168
-436.5744602718257
-540.1264916292523
-361.32437041089014
-543.7146721007839
-344.9186887802505
-322.3891420908775
-435.9631378947445
-167.228312159904
-202.68212584027052
-441.1966489723925
-307.0037877783825
-347.18991778595904
-26.923985470111077
-244.9598896679972
-417.0787941127216
-411.491876074291
-612.5069873301775
-499.73619088758994
-357.15034678189215
-232.1934963760354
-241.20186584487942
-241.79871684541433
-437.9812854772489
-321.69904117943975
-384.9254075285157
-200.6397255979064
-401.1548802416685
-523.0774412667353
-313.40079463997586
-150.62605460370486
-454.50235936113637
-408.41457940643795
-396.1646938815526
-222.77078468056237
-471.3748401423468
-409.6272084327954
-398.6781143032914
-442.75022954939556
-289.4912982740901
-427.1365930458365
-278.65139231470914
-411.3096746652651
-390.5550907829304
-31.715142948260436
-427.0307516290661
-492.5820537339903
-399.92706184805456
-415.05811786598684
-196.633056040364
-480.5007907325618
-341.81264025512536
-395.15659515110247
-214.40502439335262
-201.8608074924117
-377.74132227226653
-513.6520222825374
-309.88537043798453
-197.31872070942742
-234.6550195517084
-242.20063676729853
-150.34427913899526
-406.9861642667813
-475.8768896706451
-320.99084578039935
-306.4732036765639
-266.01986335511083
-400.7840574830831
-354.4880716180098
-255.58722470510338
-317.4679620155633
-383.27272134659313
-522.3057227512838
-610.7527722646297
-293.3647701393447
-626.1306470906811
-502.65502143156147
-406.7104482867715
-335.56348999645763
-394.7284414397826
-432.42651644171264
-517.7981194489626
-489.00102870835536
-231.9343046730766
-227.44873712955754
-358.54536862374624
-220.68965897929723
-395.4807638092634
-337.6041061384125
-313.35182516911595
-450.28526486492586
-453.81476173724457
-398.004485587708
-497.4558704003823
-532.5655666476029
-552.7456423986911
-385.34716480326017
-348.5492618186969
-351.3179779179429
-218.7029094153246
-401.8434654462506
-518.4440859901978
-492.8312690916285
-406.14965603951174
-600.1962612380953
-400.89422483881924
-305.97020530960975
-297.9124647076617
-213.51792420425315
-290.9780586263546
-279.6926111635855
-501.83279722229696
-500.2773499904889
-444.223153978609
-561.8758114195844
-369.12601323452304
-338.71075309099814
-522.1400716817515
-280.17181167092053
-322.29810873871986
-384.75621522303487
-494.86768387123186
-301.01839657180943
-189.80202434990952
-445.4065656458475
-340.74613929841644
-431.6092411810305
-391.5857604838942
-220.50834295074117
-251.9803128670028
-317.34884779735523
-375.4670112495247
-323.55087813721195
-229.25107206678004
-351.3472798611083
-153.60207937620845
-518.1546234305251
-461.0223117232854
-283.3790921433854
-313.100586938892
-300.81143072362545
-377.37239918011375
-216.28238639510337
-259.3322740628606
-337.95567384259414
-411.6588257514312
-225.70128569858252
-601.3239505620872
-317.2361336465916
-223.4001345361408
-195.62678537551105
-490.51341903059654
-317.9707961489695
-357.675421982014
-477.11293594574636
-400.8435524798684
-463.3665566736196
-71.8426997107916
-324.52283854750226
-256.1751335676313
-474.4994326269405
-264.3396826834308
-157.65266290196672
-517.4470230892732
-493.52815763583715
-370.74095836433264
-385.3687129178613
-435.19383875850764
-487.42676595285104
-528.4846624968928
-443.46848897230774
-309.83061886519374
-225.48681843459704
-294.97710541681295
-424.9196205002959
-289.1363893718738
-532.7601673008966
-299.7678604472628
-392.7868566787906
-408.98816085306413
-492.44544547334664
-146.18630921616085
-133.8680066933965
-469.34056314493705
-421.8051912507413
-340.98545892119785
-395.8298367989712
-334.6716704460541
-328.84877035724617
-330.69937471935896
-151.62561873857805
-460.7732870875632
-338.3290271201515
-384.8508795543388
-295.2742692022117
-279.16053720635864
-478.4875133105237
-476.30773161490504
-263.34911311869985
-424.7141290135868
-601.5777912377623
-426.42039068005306
-386.11156460999604
-470.5041901065136
-191.07374012847202
-282.8694040425469
-433.2333505526616
-367.98018447825467
-375.19775265923226
-345.6008941944799
-485.2649124048358
-7.280233987316237
-477.61306461025697
-382.5100414902365
-525.3138600518922
-230.7510109280236
-548.4243089312904
-441.2536355357403
-313.6879415847934
-530.9193837784505
-545.8924035996147
-463.94071300117673
-327.43929123484486
-180.74493681437968
-499.1653292980874
-475.03471092392454
-302.5906639411402
-296.329725911351
-497.2453862950788
-507.59525194442017
-294.67170472449783
-705.0389111280988
-480.1678174582725
-561.194642036367
-540.3881291752339
-370.07460601661813
-213.39867967482635
-572.9002639503885
-532.6638960667684
-453.8614270462857
-423.64376439632684
-355.37763749076544
-232.39585797170707
-423.9104273766581
-528.217380596679
-511.0126947792843
-325.68855804587156
-356.7400485917792
-517.6898414989716
-476.5312170003773
-333.0327889061307
-465.0614302884503
-521.968853295636
-373.15438130585164
-547.6022168109321
-269.9884204609158
-471.6960308227398
-530.3121300703292
-419.39289485836446
-542.7593999423158
-289.69444429075975
-384.9480866717558
-426.432605178642
-370.5436578855149
-435.1951669180154
-479.72074829730184
-557.4735785637848
-212.61433370803442
-419.00412041816315
-261.3123440805755
-496.66251609524915
-219.08911672069084
-325.8776125333993
-343.2434860901857
-263.1266774856292
-390.6878568781638
-539.5342607380733
-626.8010960444338
-363.9737060783063
-398.2660036814429
-393.6171846254444
-451.0863846611537
-406.6590013037194
-521.4726865226476
-570.6741521403248
-748.6389629702122
-507.71557695972865
-476.2691820713595
-514.0059629452219
-294.82066688094943
-395.6768262852162
-442.44444155732924
-448.6590471415571
-619.1660096538253
-295.8473916444098
-219.8483868015546
-515.2132303285507
-314.4622412065988
-338.33022947005577
-502.189767455307
-451.57627359195885
-352.13055412413064
-217.20166209189082
-345.0134999109761
-527.6120976348295
-457.40244659664205
-484.59868308732405
-407.1318715095047
-639.8422060382006
-579.0631077793819
-454.59787224637444
-478.2031122113856
-481.1507478825042
-332.657748416676
-608.3379471787391
-562.0885863826962
-474.72547475871124
-480.542995960577
-506.28701483719556
-512.4826683269579
-498.547690496755
-274.66807567609146
-220.7381161528706
-292.3250555145232
-217.8545090749908
-293.1455734988169
-538.4411785999765
-565.6197178542964
-406.59167690990967
-371.60564200293067
-266.05281602264233
-556.377483330363
-392.0693031625701
-252.8671851203811
-259.668392854795
-486.30942360007657
-238.6471053327859
-477.6620553692412
-336.3915186549193
-431.71286598852066
-303.7486391211726
-565.6162477727477
-444.20549582236424
-863.8173804563625
-549.2785403234537
-329.7879417837736
-562.1975671485357
-220.60585700923954
-458.7891523861118
-249.34309703387322
-321.71184875548613
-318.4327424626258
-501.0329227083368
-329.0772777046913
-389.60975870765327
-535.3476119851266
-417.508449388068
-511.9499451802718
-650.8071107684166
-520.3721592936021
-389.83718379016807
-271.73163678445724
-297.7336039133773
-404.7011561270608
-239.53122940292494
-447.8481259554318
-409.487823583318
-270.13798804927796
-434.64239014962766
-490.3007397335452
-488.32204998524776
-272.31475534475175
-347.11709085008613
-311.79311430863856
-584.0526416345535
-356.94094337351095
-221.72480034170636
-346.3214079891471
-204.66790841656373
-400.1640763567891
-587.978844915763
-485.1602780564165
-530.509836988523
-474.208965273256
-391.58050890451943
-546.394582254024
-196.43374578168653
-370.42104645558754
-177.14446523817668
-294.1129776053938
-422.436660209924
-465.56037445392735
-270.29078605887116
-334.7021977178192
-371.6119485175917
-566.2238311618788
-149.28294624381647
-542.169398038448
-342.40069605869235
-594.3391119078988
-435.2338612008097
-449.53311426458606
-339.18111103668537
-363.079865238412
-326.3094465559481
-455.8558132287471
-183.6900295050715
-347.78869756204404
-559.1766539543839
-488.43025356982105
-471.1070767790095
-400.4277469695239
-333.20240940203206
-470.0367482402315
-717.7663007566827
-460.20971405749026
-243.73358872312343
-460.4541461257811
-556.7636478878571
-305.9410663474063
-532.0961017362827
-515.777020421408
-307.3042450186307
-212.3328691473726
-386.3059738881179
-552.4219992849901
-439.8251840818716
-474.7144567978143
-517.7673637891043
-462.7661321312705
-343.78546435204544
-301.85571090094504
-384.2521294681515
-443.56163721828045
-402.0386456999128
-494.0259102615612
-308.80784384712246
-479.64405723682574
-396.5997420008838
-538.724669482892
-239.09394846942922
-436.83648566177413
-395.98031260052994
-406.24012544754163
-355.0277341226365
-390.2793467203174
-332.92869362922113
-737.9597586685461
-515.2488405594353
-356.7785120375851
-352.9072861417983
-547.5135705268658
-488.86411433954925
-595.8465727936338
-355.8928380271762
-545.4450659305552
-381.5263044440618
-523.770281984979
-349.2195429886973
-347.3367030397151
-234.30308879856796
-330.7959240815271
-326.6672100058203
-501.9661437253921
-519.7730010654449
-120.2482215702579
-323.7912814026497
-314.0306133138997
-224.93929580137828
-466.38202335796257
-341.9481560637362
-347.83848971471514
-476.80525803062267
-381.03980015474536
-361.19521206159493
-479.21885881099684
-451.35438625157474
-800.4268139237508
-397.76386687455874
-518.1411694414351
-303.7869463438042
-253.9566987731359
-318.8956313795178
-333.15350417693395
-388.6554693849544
-406.76542975809343
-496.88864888106616
-384.4171709452539
-596.6556380936663
-513.1004074748574
-474.56398326734586
-429.7231122878377
-484.099952375346
-802.9728063215272
-644.7940451883023
-281.3655124259368
-376.9439705341702
-501.47853541870876
-485.2913345726638
-428.21884202501235
-506.5801589496592
-611.0350799597779
-557.5197949742661
-426.61741556795795
-350.7983174509937
-501.22318064305114
-540.2993775097483
-409.42986056885695
-335.5330282563293
-674.5664429783928
-365.1655224857272
-560.1859309962836
-503.7806803987032
-623.7712517446073
-422.0475630187594
-452.15472166065524
-498.7338084175193
-530.2753170387525
-303.1279711117328
-502.95539356664466
-297.2792681457446
-225.77096051886372
-384.5706658133158
-431.34541428898655
-349.70689744938477
-511.64826839519105
-408.5066540150093
-322.0546880228119
-314.98156380157116
-491.4152183576857
-490.2334595239044
-332.9494817232468
-533.6053163053734
-519.4212434329837
-420.0378877917031
-472.63624054751375
-468.98398875888597
-391.502715479182
-416.3999300863455
-437.0070124709673
-720.3205567183576
-440.5602793896085
-556.7495775573382
-386.1797029100314
-448.1946860103716
-686.8862518793247
-643.7974638100603
-508.70724550733746
-557.3394132996003
-336.60645212473094
-428.0437036565065
-515.6826543884724
-376.25467761361426
-483.58031746942265
-270.41757175691214
-284.56275224434813
-561.0525084059107
-350.35821766655545
-398.3803135928365
-241.14368480040477
-373.4151581920218
-312.3010867723177
-708.3700048783817
-589.2802621913372
-216.21407337037604
-388.8904947017165
-369.76911347153765
-583.0674643059804
-626.5779220406182
-416.9782795480129
-447.86067043182913
-438.918316311779
-455.312140338914
-461.0325018276119
-562.0515366804898
-545.3381803092536
-369.65538461262724
-671.7488948966742
-527.1734104449484
-419.7876475196314
-669.5828761544557
-257.27870337883485
-492.87747417226643
-519.2998315871264
-470.0961108474914
-654.8475660157181
-610.1014538685184
-501.8401929877965
-433.3666130768652
-531.2371384819842
-530.561387828135
-259.3350824443777
-340.97262552567867
-375.0453027643638
-631.0218123139803
-300.40480813251884
-445.31811850188274
-500.4508612246043
-374.1424351146735
-531.6136000720743
-422.47400824167926
-495.60315890049947
-436.3319024293358
-297.0718972388711
-441.6226783043189
-498.6469498215548
-415.3562167480458
-407.90342684581645
-437.12999544346394
-548.3348835369331
-495.58746804570603
-624.6580090598354
-455.1022661857932
-702.7173279110359
-475.41096555359667
-560.0502790453093
-365.4898105495678
-513.375414024934
-525.9018403397563
-497.9875046439977
-512.306032752809
-278.5558153493078
-850.7449324151199
-498.90484797165993
-377.5053756589645
-465.37334236056813
-698.6915549772191
-349.60456984621726
-718.8177741550481
-433.31780727092655
-377.5324549897012
-298.31623822890833
-679.2023404989518
-441.74157981778353
-401.8286026970759
-573.8884855120203
-481.90765908628356
-517.7359225337809
-438.23535982317605
-492.7143063148693
-446.9360462309356
-397.7393666775078
-524.6398327087358
-377.8273749044572
-582.7607043341707
-815.905100471015
-489.26547335913654
-491.0469046577058
-365.5517095804414
-490.5412785233418
-584.4334708895209
-482.6067863609816
-401.7693449365705
-334.57244075523965
-575.1208509897743
-386.15669492686527
-518.0717563195199
-452.4800539906418
-417.3891638773416
-457.08665424936845
-539.5740384177559
-401.1634171010994
-437.2840172233312
-301.26682711732326
-183.36616539369504
-491.76868365368546
-538.7597299246524
-491.4307004084189
-248.31480368014903
-339.3818546173636
-479.76760554558234
-529.892910747739
-247.5492556517682
-321.1931990346402
-543.4087665587701
-617.0963258591931
-527.8808957000551
-468.30437230456056
-483.8034985510453
-757.831970224194
-594.4727972033709
-298.6894211953121
-490.03349850625693
-733.2869334038123
-469.4299676470763
-471.24730404566105
-729.1866679821626
-486.533009875008
-498.2574715364336
-372.7930812340316
-464.64168665373336
-433.6927255545302
-496.56868732840474
-507.5208265208056
-448.4815969187981
-409.501759168517
-448.9431652106044
-477.313150679934
-312.94459967480617
-452.4895295213037
-455.42361291923874
-507.2849628635076
-470.3278687176917
-553.3996526689509
-470.1513356420718
-574.0322938550062
-700.7851874304844
-395.373390992685
-463.8532537044043
-456.68041105653276
-409.3230280845006
-206.2242102450748
-546.6654631864441
-312.7409645646424
-416.8525612562772
-236.81710922669436
-526.4098827578707
-356.2201531591059
-367.95438216178036
-670.7746281534738
-534.1932921911781
-388.31655304387203
-822.8645347400148
-582.6442698101507
-355.2415560333762
-523.9762370452081
-692.7615415176818
-438.6520581939167
-633.662682168303
-667.957373221622
-518.8846263145576
-409.6008876094811
-384.78308285136245
-498.91486860402006
-808.3803371066103
-507.13778517844435
-632.9818479440839
-357.45946036125235
-608.8937791678065
-499.4633250125654
-623.3054224106405
-322.50997834658403
-323.5499735171812
-374.3612977116333
-564.2063427724611
-549.5658188804517
-325.2282118376302
-294.5146838639989
-397.64541585595015
-378.29428330118657
-446.0982774021334
-279.87465590045053
-301.44374566636236
-428.3489133460584
-441.19285757862826
-593.2101488386369
-467.4569663339522
-470.1157356684233
-715.9602839892924
-332.26549896353805
-573.4840041818345
-415.931538103575
-782.6172908328524
-708.3159690878717
-758.7870106743172
-322.43847686155016
-455.54454893776744
-812.3458555006928
-579.2631576682334
-567.7575034382033
-546.3005345603269
-332.2036283498494
-584.3788821944781
-568.0999831516579
-510.23378947917024
-463.0668385903555
-645.6230339974595
-291.0228532149396
-562.8051403819426
-577.1926051327505
-493.5464092688002
-441.26237959621164
-393.47817094882697
-379.3511342126742
-391.0509195079811
-302.39255191935666
-562.4747912315007
-408.1377140661948
-397.92035030211366
-321.68881825910387
-352.0546883190044
-738.683722675589
-426.6892767688075
-363.3082520550339
-358.6563036114208
-229.91655066960266
-325.24269965239444
-318.8106031864752
-305.80365993419576
-366.5205187837772
-428.60917658228686
-453.4569362375896
-562.5495587069962
-475.27560990991424
-749.0738935303897
-505.20284922797816
-515.4507827741952
-482.9753482338423
-789.5498508924549
-603.8001039658807
-892.7661672268159
-431.407760805472
-491.96555679412876
-381.2055487424094
-572.2452160707205
-263.58590491228375
-564.766542496693
-264.1929873036579
-399.8330332230893
-497.3506116163675
-455.9303554079356
-395.97423078073626
-562.5827950591603
-310.6239019216057
-497.3874538952509
-373.665405973259
-313.655296158582
-684.8591480575441
-348.12883303304267
-582.5182636651832
-454.9760406463695
-308.9144917340012
-205.79687931804466
-527.9915736705104
-594.9952463240523
-495.60936619589415
-399.4453394524547
-576.2426263381585
-570.1965249627603
-527.8631273496804
-477.5118395330761
-682.5820870017715
-782.3647630709988
-622.6464708547913
-298.49598981934616
-334.6741995443235
-372.21089451587744
-479.9477503738714
-452.85787297529293
-470.0396186360949
-714.9617044310921
-553.8953889651858
-448.9988758317429
-582.3562136741514
-416.6353559895005
-824.5654637512156
-547.0063242119738
-455.56887347568215
-439.7904083193457
-382.6104553199901
-490.53124001677327
-262.3918423582593
-442.36726112883093
-490.92897607779446
-625.3003691336432
-330.58941824041074
-421.06788467254137
-624.4544827503506
-437.08331944029874
-259.28654915001226
-366.49084882599146
-445.37398979831727
-432.32761025327727
-308.44726718629107
-486.6247416427026
-395.29334083971025
-577.2311097055291
-782.3275301934133
-824.293224796704
-362.2940009572274
-355.6312857277145
-480.4741190416868
-476.5725083249779
-733.2256604406325
-384.2352898296865
-716.106451188261
-520.15479064701
-846.8426325664517
-348.55985396931624
-386.05087088508424
-432.77006698881394
-508.70079686933923
-336.06606918897495
-518.0250427459151
-282.26675977716786
-536.0835769626892
-565.8789678909603
-380.8560587030911
-493.30372421297557
-591.1027566641383
-524.6373173124549
-310.08750250411634
-628.7036361233122
-383.3076418066929
-509.33161031570114
-688.0379666852868
-524.2740142343628
-296.358455230436
-529.4945067835927
-422.7646001071489
-401.4245717045044
-571.291629579383
-684.8435308311609
-398.9099789399317
-576.4578031590551
-391.5875756700159
-320.2133783610923
-475.05780594142743
-500.5080280367196
-501.4454661600668
-482.10290167191624
-477.9460923210371
-622.7358547939984
-448.3781324810923
-599.1980478229631
-359.25447152202446
-488.87040363314054
-528.8104266422604
-262.15882573741123
-525.201878268909
-466.884818031306
-337.70967637572124
-678.2626577122992
-373.0775433331322
-487.7724053952844
-731.4772553286997
-549.4178706370483
-955.6129313799746
-507.8920907971673
-404.0344468615206
-494.75779193667984
-370.2532304262872
-321.9290938634931
-302.1398451150459
-584.6028548143177
-493.17957731199635
-486.9112578754866
-394.6258419060158
-452.50744181204954
-525.676470316369
-488.4521561310803
-682.9982144323218
-459.44051580242825
-424.74191408634175
-634.3532845226952
-339.43708769111066
-464.97907406260845
-439.0496004602538
-447.14269313505287
-784.0942501761222
-485.1110022024551
-433.0531355779013
-607.5693058495331
-448.32541789669926
-420.2436760778272
-481.85562254662517
-719.3123656962124
-584.4777261550388
-391.16380855221314
-448.0571103478828
-516.4297883998989
-497.18887217083136
-663.0925235683783
-366.3518061891669
-377.2419519943065
-430.180739606092
-495.3378937142452
-496.07221496965127
-471.7821234628842
-700.9902226782223
-472.3475407912482
-566.8823458273787
-533.0883749781015
-383.1963925295983
-449.5637159066307
-458.77404150308405
-344.91764506697484
-414.7331898672429
-380.1462091299636
