-276.44652961919115
-87.72856709143433
-240.1776590994695
-199.13416835538973
-185.1624808347803
-69.68239042606075
-374.8525878933415
-443.18923189224927
-141.5769566738116
-141.84567192828317
-174.95976680768672
-115.72222335820663
-313.11945469113164
-247.71078264716988
-110.15879145820135
-382.3854991610387
-203.4942766035364
-166.51001208872702
-281.2588282992666
-232.21618056241493
-322.58088581138054
-13.12902229645357
-130.40930884435315
-177.14139958312387
-119.5026156924439
-113.45426970818146
-52.22634497648638
-407.1095104888559
-296.7215953892422
-106.0068344679785
-397.126032286607
-94.16530595299496
-238.81937569500667
-265.90323688818626
-74.08827768632642
-347.8496314319126
-228.39884002694657
-218.75714671332793
-349.1222782554304
-238.72892254078886
-71.86203383239327
-139.36001654103308
-224.7768198497144
-114.47037841205997
-116.56334785992641
-323.5187533334082
-233.24343546990323
-165.27986952592823
-136.19616371711749
-153.5133209626545
-356.9671195049081
-272.81050033880183
-70.529226786398
-290.2708206264865
-160.12723649369372
-69.90156675609802
-224.24851844352096
-347.2393341100437
-162.7489295788454
-104.77465585321367
-179.12582334050558
-282.42119748375336
-60.38905678407807
-75.2268469306411
-65.67777928048812
-168.11409412508783
-257.1036121082081
-555.252128673999
-150.4593767734602
-129.80899269230898
-356.13108817052955
-53.32695812740852
-272.14001539341825
-160.81559611945733
-437.9240562570029
-167.11576205058054
-65.27371649853612
-125.33087226081535
-469.6341044189484
-47.56367732032884
-158.74511624802594
-70.87431278309563
-102.00129067699416
-144.90018838728338
-123.2854457910838
-64.45322298402155
-110.43575551675605
-237.1151107307389
-264.1228606472326
-407.47680326834006
-80.58029424408484
-60.776044141586105
-290.9342213647092
-153.93115933995344
-87.27997790454616
-147.96685492634813
-146.18953264566318
-52.44869122708694
-197.15220394365477
-120.57741166712643
-97.2398567388299
-266.5335174362257
-332.6265181190976
-314.0977649497062
-315.11163649919285
-278.4871053471809
-74.47446002173169
-185.64953893901512
-438.9220701797292
-81.41353581420267
-223.00228237320903
-356.83803130039337
-380.38972530965054
-200.82033131947583
-111.5934693844777
-395.6952972480825
-39.62912141567639
-262.37349989692063
-96.04427369535543
-329.87397038535346
-240.71701998740588
-170.23785137647286
-99.53736593610952
-121.87831509385558
-291.39783892541215
-142.4711592624128
-126.331855516764
-218.17689099114006
-45.530416202414074
-243.59445183538662
-90.93147876382342
-123.02799382359343
-79.34267823814483
-52.44342988956982
-173.773691457605
-165.8888207379107
-189.10848148009148
-315.0822405423053
-102.11657632740807
-355.49364329935577
-138.5509733069598
-193.20381529298282
-158.35348868841675
-103.77414196526213
-322.12274045082484
-74.34339642359754
-249.49693808125159
-220.60550690650774
-360.9086673886009
-273.97337044681603
-54.11039842292245
-327.08344703526103
-305.68992525718875
-186.1232309731197
-432.0415494338596
-179.89707077141634
-104.88597940724142
-320.5480537588346
-297.9142591849378
-136.87586233137787
-319.7007988083602
-222.53973052358342
-100.16696697352458
-85.41532106595146
-403.4726970729937
-282.2562254584763
-202.63979257382493
-402.16698838145066
-101.44071879597901
-278.6865071678171
-58.119369148000786
-465.6772458552287
-357.7334959381625
-329.9914213051535
-340.53285988662634
-173.6681240567245
-153.03741510103384
-95.27008528376166
-284.8732768677145
-291.3197545521417
-310.6631892942428
-243.14377483813442
-152.95453346539097
-71.71493728668808
-245.05407325552517
-113.09828877568705
-140.95798844155132
-525.3800450611391
-467.8278338642443
-143.0737663400464
-618.8159020729519
-98.10880266179132
-217.19623920384572
-252.5267247990847
-208.03526757566024
-244.5651886084315
-310.55435093513415
-98.12871714450532
-113.92577598416544
-69.00867198586513
-273.99091990958414
-67.38992948161035
-79.44529095028143
-168.53334525639383
-279.50319276624276
-182.1169248932967
-293.51115461440986
-113.43687481014805
-168.06451455968326
-288.760025345569
-168.7213570820554
-262.3954338078513
-209.3929591098222
-131.6661798253185
-139.67835817105035
-108.18901007192534
-276.9507323532681
-297.76957815281196
-294.2842845168349
-25.451181254372585
-177.2658155790515
-84.68971302286371
-236.87708053428318
-39.78189803502771
-97.3648653824824
-195.82114402655426
-300.01288753764976
-76.91824142359084
-50.792409669802424
-144.23753074703134
-79.46062931948568
-577.248102722505
-81.61708880970254
-152.7687972798396
-54.82471833214912
-415.9838276992088
-114.79816102966377
-241.1461130447251
-164.8994028939772
-148.50683062900197
-238.26006036869302
-246.08533991425168
-143.5763916769022
-294.0252316144846
37.1124403570804
-347.74606229171707
-194.0103333638173
-160.28573256095194
-330.201788382907
-75.03520862099312
-287.2464364334098
-64.44826490143785
-246.46321383707595
-86.30911296112345
-142.801517624363
-31.98489703478528
-220.35304899631646
-79.06278803451701
-74.25505002197457
-112.62539800689557
-209.60715536045188
-170.28604873787526
-41.089623629166425
-119.18253367517178
-80.10324952486286
-143.0843128442703
-5.830925767473687
-356.9010512416478
-109.15020050039979
-404.42119335901145
-209.16155808527498
-258.54312643465175
-267.73509440526976
-169.00151544509555
-141.11860435130387
-299.7048981198502
-197.63180965927017
-375.8739879577039
-86.32634494109857
-321.37129100400017
-216.41760258275735
14.971250814522719
-130.28251930475017
-80.77491427155083
-7.970141883192383
-126.62010380248485
-193.7359153261812
-159.88544911717005
-95.97625939854328
-22.72942745088261
-144.37644456641783
-71.96839238026584
-166.27020225757008
-27.99131351266857
-314.28023437514776
-293.05482288069425
-412.0839588604307
-308.1381132183885
-152.65814172270484
-225.56743718492118
-94.55171578785382
-300.054187896057
-111.54803639631808
-137.37629341740796
-259.01050453008554
-443.36973878320026
-81.23076104043649
-196.8996526927295
-138.75851378285606
-159.08262695276233
-34.95360752211002
-79.95638182075419
-63.2561403920533
-370.5746256426885
-285.0662691298039
-121.32449308955654
-270.1943849949838
-106.21019877629664
-79.71314687891272
-324.3740834649678
-52.46003131085072
-301.4048158019855
-84.43712837855895
-170.8633538505112
-272.3016362091888
-70.50291419258599
-173.90621125256754
-172.2529172218924
-87.08543231604294
-227.83855876275686
-95.9035605447531
-110.23517148998215
-23.07569926610822
5.5284846237482554
17.410986006477685
-51.816531326115836
-340.8555275459212
-248.0140728320855
-121.5621816007081
-70.06143056157332
-141.63899144526377
-70.1381547095096
0.9197195340381619
-85.37798440687297
-372.79705518641487
-497.609078648375
-88.5517088208924
-129.51120414042964
-278.00640063458906
-222.88558221450506
-33.096823110501404
-229.2535383804084
-55.83415844551399
-133.45942694964452
-216.40776129540052
-89.58936133611816
-17.30609664557143
-147.6572102086797
-128.73221433565791
-158.67575149720005
-252.35127147140702
-58.18144099505584
-58.638734543836755
-329.3127978131107
-102.70302737164164
-218.97761505290248
-362.5697359734905
-278.1969035938116
-167.17361554914538
-269.874844921206
-109.3258717107791
-122.32831299557358
-292.8789182200627
-5.812901128508869
-84.57323562548329
-122.858035553763
-21.011383773711913
-97.53745940607212
-117.22965534134079
-143.95553186253383
-254.8109384329194
-72.63709641902483
-194.65654683358377
-425.4549249655574
-473.0847031497042
-436.4809101700388
-102.81836108248551
-64.13588837731132
-236.35366800478178
-252.3299046613055
-339.57960006491805
-35.3875983465806
-258.1620132586745
-203.39035045896642
-236.5207072465834
-349.63048618128283
-257.22130571849664
-433.9709868516525
-92.39792498969462
-274.46943851054846
-39.201366488251935
-105.55169997975409
-362.8690973027045
-298.49147943689877
17.754776469682668
-353.40061229795407
-97.69775833532654
-117.57767293777442
-224.86777963923092
-252.8957371482346
-56.202806540826835
-126.46617630420211
-341.50827847368714
-66.31522145788
-309.26836863188595
-116.44773386713472
-92.76139152512651
-522.2992233336377
-142.9471634876548
-321.7624124612999
-348.9518093436583
-180.00728631538794
-263.59198668936017
-322.391104400347
-42.32959268787116
-89.38625131834175
-384.0031202580129
-423.865196880839
-19.61247071020462
-278.55328627365077
-123.71273855371987
-79.61724075800474
-364.12273222655426
-363.6005524795213
-183.21082708969166
-176.37357968602754
-223.52536149399185
-154.3432648391011
-250.96975195458353
-192.3123446780362
-58.53939141382867
-121.70570876521829
-33.72735624309637
-80.41033753125694
-97.9456176164233
-190.815370118973
-95.15552996925418
-31.490475571041856
-76.06394256202779
-77.11717485439831
-40.73002190306579
-255.44673710851217
-119.85427648190345
-176.99316181527658
-224.48527568115432
-23.327214289074803
-113.67459443724216
-191.39476900528584
26.156981653341163
-91.84913636670892
-439.40277163775716
-334.74315983729184
-189.90358667388514
-288.65811036277375
-117.35859430974692
-200.68948912308994
-227.6117398875898
-92.28406674542424
-160.29820302703183
-210.591509111156
-159.17168713524495
-87.87836051663183
-132.45183619895332
-139.65296147714548
-202.91835422718964
-176.32141033062663
-132.36234094670883
-194.74773392095966
-63.27602491844391
-296.2670700575691
-178.7031203396973
-202.6221174562511
-145.54617624439027
-366.258890414049
-68.98587948351314
-260.3264423695397
-40.35842846003399
-226.4055804037819
-37.469612402642376
-346.9785796556577
-112.90944315705917
-116.32096520847236
-276.8755510956902
-8.827831537120403
-93.4562576498155
-149.88499275974618
-72.25414081291177
-282.3590925779796
-47.63913456565176
-108.85106684058022
-147.84297153072694
-120.22829592460685
-351.80263215682476
-414.1447863321364
-215.14756098374198
-160.89972765195412
-172.53629858525844
-84.04245135772008
-60.48055381974903
-137.4612544979935
-169.91453727971486
-98.45404653411269
-180.7622851129276
-62.08059476245865
-216.5132045042344
-325.1142837782486
-180.3199546242816
-62.772722078609476
-45.23834975382084
-122.35912985461017
-178.72354567262516
-552.9134089820268
-3.244061882713183
-191.18396883907263
-302.002732864789
-194.71064984415574
-238.7388724933303
-62.49669451440265
-110.48064394153894
-83.7681506241468
-74.07971153281811
-91.48513888017983
-68.89396918798874
-114.23527119738198
-234.16784793566202
-29.03151764783648
-117.51922734023253
-256.444800868901
-129.88924079338994
-335.02858443075
-214.09074252893114
-274.42594691573817
-51.15041264970037
-448.4573370189713
-36.25768606333685
-110.56226743225986
-95.05913908790572
-532.8963925451087
-182.19920507299378
-216.2353338190452
-224.11015580931647
-237.04473350248384
-130.96892270479856
-169.03894266200302
-62.15777689281268
-151.85303601991882
-228.764484052426
-47.36138689811101
-130.55758213597386
-26.900099090751468
-101.1273618255846
-169.72228594991122
-293.6349028033169
-79.3201811993116
-81.64595160082408
-140.76821962023803
-164.74605638895792
-57.63666763233399
-263.8387431814991
-202.57073959988173
-78.03712820852823
-120.49739099818348
-56.08963126308239
-147.82107027021408
-187.76674721469377
-77.2875434655347
-16.904767214636777
-206.3405429798167
-198.7896617729892
-108.54529785619283
-72.70160985564007
-378.26717772563535
-249.70005157663977
-78.9490362360119
-87.91084459842922
-133.85018475265525
-187.4780767859906
-76.28984989107616
-95.09383112094079
-252.40338977358954
-85.38159048059339
-137.08506500026544
-61.17672956251945
-138.78356097914065
-244.54988198967325
-66.40058585224209
-221.80752081889648
-145.35094481716138
-112.6385406588201
-181.7384130704632
-121.41387641233953
-300.01340275046107
-228.5083329683099
-239.3117594177199
-345.51020785208385
-249.3732325583047
-198.82088745322886
-91.14037594905538
-67.80734810829154
-8.159803699773974
-295.17661752536463
-201.20425692274785
-264.7227496974888
-108.80827017462167
-170.24970590134006
-240.42731007921242
-161.99670815688208
-255.30542696434742
-73.47756615096068
-73.42969239942794
-267.50635405776177
-151.00666837175845
-129.60394025317277
-213.8107719645072
-87.24557641950227
-266.5806342199913
-67.03657495123284
-213.72670920655133
-233.32753766746208
-197.4377868013193
-96.38489202388723
-115.7169955758834
-309.1139967849848
-19.43187437408993
-123.83851788681739
-139.79052372898428
-269.15147762728725
-96.92218469282783
-258.9209332759244
-107.96201954619391
-93.79644043022012
-121.08628899485598
-216.73835919698334
-205.29943768295215
-107.14186176102001
-196.6754873560114
-53.67189091934232
-254.8166570346104
-104.37308616270299
-101.87187269709055
-105.82972544479333
-112.94496420153297
-47.31623455738235
-147.94898532930975
-161.5290339942896
-55.035482179656846
-113.53687045522167
-240.14222705160842
-96.4152605586413
-187.01172009722367
10.322842289236945
-400.4273847396696
-249.17860249734767
-59.75780211434378
-115.40520681926088
-112.99868327452221
-96.40415425194352
-37.77710665058768
-163.77492476603243
12.85602666245201
-100.37993526398151
-72.61644614739802
-32.85180371800967
-15.628525266305864
-72.67826052352514
-90.12104776968542
-48.699018237949396
-344.8475953372781
-214.0067929523137
-127.55536726660213
-102.2086692745465
-66.32786639637473
-162.68739739610308
-143.1865640307969
-270.60833176175106
-110.06681642658337
-84.22907343722093
-148.6365393237405
-132.35389456955681
-116.33282692848287
-271.1678557506257
-102.82072018067844
-155.0528871400083
-271.65606576194625
-117.04535920798989
-79.61368867285319
-118.25648383587992
-198.2641712289486
-292.4289861073655
-82.02235388331842
-129.3209870254106
-188.63536622752392
-183.62084700155253
-50.347839364705905
-10.10115822503785
-190.077335527368
-63.00194769002404
-233.89618615406482
-158.04452864508016
-352.7451043821485
-90.37890555877635
-347.81506275853883
-28.014715751824852
-82.56678937771233
-115.05043226340564
-34.77505066280567
-260.76127531749233
-167.92702608639408
-61.30823708603198
-80.60465026065032
-228.63217242145177
-84.12202534401061
-147.06415840071838
-282.5823890374121
-122.67100906820556
-271.9336237826685
-126.52059257861686
-276.4691805143369
-91.45241705985529
-8.563510179569079
-140.90080966134457
-204.90146831656597
-68.98211810864007
-98.14218486388371
-196.93187876720737
-76.09019183935607
-121.4814634228182
-186.72325874415196
-194.93231271873753
-86.46482564371564
-30.68485020809726
-51.079443045036626
-44.63025025550324
-229.51483715703674
-147.28640858698586
-153.87505140404616
-184.61689924217924
-233.37421941273138
-291.75646597926004
-111.2510343699148
-168.61479222923919
-384.71200826326856
-62.4268679926946
-126.65434675004366
-94.54997286144274
-42.089809022775
-163.73959661133722
-45.36516558237676
-102.920675930756
-445.8347587923323
-79.30108023262258
-68.75165948088046
-183.11171397628289
-261.28772353056377
-183.81765360146653
-81.56338572395401
-185.34071746659265
-318.4374584729197
-143.7444475247533
-157.23898647905722
-48.062440021452
-142.6496657364435
-103.3900376473483
-153.075989383551
-99.54865819142776
-98.71403961869791
-98.98051701447976
-238.38572761562702
-295.0938560555432
-122.437081104709
-187.04777103849977
-57.48905845462238
-120.15682059647341
-292.77274278372045
-168.0008413714662
-178.05311502650466
-34.15323542763386
-45.033088002680046
-126.93377160863025
-37.695176917278694
-270.15825798232567
-106.02161749341663
-15.512075667679955
-171.21038051562857
-177.8928368107641
-143.08766600130954
-78.62132511005933
-166.4719977959244
-17.13669167180177
-214.67424003659653
-52.36645688960415
-141.47580776108376
-102.6772375574613
-172.18220344513117
-383.12468007359627
-262.2615643396507
-49.7061590600687
-417.2832285238568
-57.39556740260575
-268.6373901515292
-212.62905075662343
-208.12073197178498
-212.49872967689967
-123.04620873716516
-88.6822252219153
-75.25972361632265
-165.7830894890128
-203.698450390042
-229.30247182387285
-115.29764380976162
-110.42350288013061
-137.77123473576813
-164.60299863391907
-370.02513671245873
-256.70993541312305
-140.26690497938745
-218.5759219200832
-294.48211481485964
-139.38597686985025
-82.17501582892055
-54.774096759524625
-212.25939159810952
-31.384447024619732
-131.5749239283772
-66.34090978406951
-106.81136216455718
-178.5074116774078
-173.09636367774863
-69.58063150548347
-169.3308191551697
-52.023456262905725
-283.582294807311
-409.1763509387446
-265.7416745254452
-89.96526532910842
-202.63863983527193
-137.00423974482158
-163.05046245932442
-93.23791225472308
-241.55776180514937
-106.21470003391977
-60.16032873822607
-287.0259759630601
-332.5295351047843
-143.40269636491226
-152.0009113437902
-234.77830322943032
-143.00615829102304
-175.45428786031704
-153.11167707862117
-173.0521208321065
118.06778878192699
-194.7811565837333
-96.55629042357839
-87.1994761189266
-54.300339069194074
-266.6304819197758
-127.59467087838658
-58.0987718127077
-93.32753072189365
-76.92681678042581
-49.187957798684
-168.30048979277353
-105.93648305689045
-118.35630772193187
-138.1945614718257
-142.19410331062272
-122.89114694678014
-129.84990818912758
-120.7348042149188
-225.9591629132628
-366.3264952382635
-53.846082076942146
-115.15430397490906
-218.2391241386953
-102.75357525295553
-107.20818376763596
-143.4200710662341
-213.4709813569865
-97.95020701123609
-188.7246758480886
-47.618948944512
-304.8570670286281
-33.42654102044301
-144.77489476616745
-132.49440398384942
-135.88801430905264
-199.4125538286126
-245.16467530037104
-243.6340748966729
-237.29775719997784
-193.44027233003646
-64.37095741694971
-54.275925559379935
-99.16149136531679
-193.02550681188836
-230.38447354061623
-440.2511630239102
-93.7485918947836
-194.55469250482565
-111.47832133203067
-236.43198493676348
-250.75966665623835
-67.207284797334
-121.42643119684215
-209.16021446555035
-164.71609942414233
-131.80929696934624
-52.89036395474478
-67.18302558396793
-49.383755768681226
-277.7547895614764
-223.21377257031844
-360.4672192796235
-192.50881903519615
-413.38890010313196
-211.30563878559616
-52.34335548094971
-97.71418173397247
-135.62633630799195
-167.0811410290146
-152.77287790009782
-190.6556094712055
-65.10734200384734
25.47581676135135
-315.7052814474707
-117.39371073329586
-104.48913517405165
-90.71108727348118
-264.7555923238341
-123.4269648987856
-150.2627771320169
-149.3500990174526
-77.21089365005375
-108.1019556996186
-432.20909694689806
-110.33978619381887
-42.70778271752076
-204.61264944012095
-97.70176779903025
-91.63334549808157
-336.6738942521666
-233.37341285642452
-179.58963487244037
-131.76953994625683
-96.2189326386439
-35.34440913329243
-162.8282080726957
-156.25401901637883
-88.311726253783
-62.51498816542704
-71.1658356973307
-109.7164089510419
-208.59945705644765
-367.2480498651598
-195.73239767509213
-106.90985019837561
-181.17143640433758
-107.50640060614964
-182.06263012145723
-235.56641301231076
-127.42356047123097
-98.569479191325
-160.636644043282
-103.10751949190785
-164.3126435040362
5.582375426406699
-164.83967870840698
-306.7378153703592
-102.81110845402107
-69.32580258486439
-117.9420860745332
-361.01805626775445
-55.91827594895457
-121.1954248314089
-67.00245139229925
-155.20802331198456
-177.57883759765605
-131.89957625906763
-211.91519777746248
5.258237986289714
-232.6968258423468
-105.82698004092362
-124.78743527618015
-284.3517661292814
-118.18763398585615
-249.47643457868486
-99.7558723862214
-187.68232720170454
-353.0541752661816
-117.46938262787853
-180.4336027265773
-53.70722035566761
-23.751324537720805
-129.566440995364
-3.0771638904591967
-58.83577929410947
-80.35274183558181
-164.66431898521677
-34.78872661060878
-288.2725305217996
-102.33086022677175
-53.87544804832968
-147.55800384460346
-206.75716024165706
-253.50972660511272
-120.50941212870046
-36.05379180307119
-101.42474703656133
1.9439276620899193
-271.6275618739753
-123.83817434817034
-138.69515814012726
-118.15068617918348
-146.77817699429798
-137.75949417174292
-107.33607327759727
-89.63222698952708
-271.34513487357697
35.28521136651043
-105.73071015784643
-137.58961084838546
-79.46603065006374
-135.6321809213295
-178.76298335207196
-148.2424081599762
-25.261584929266178
-110.76306252055926
-143.04960089394012
-67.93172513874454
-114.83777197173919
-123.31164642735453
-142.1742310549843
-31.23527938213104
-97.09597134646909
-237.30501353115773
-114.42392216873849
-140.6104946041491
-113.11095594304962
-123.88677582933397
-146.01546422478344
-248.74794270276217
-198.7640339172656
-80.76093326797569
-38.032898481287575
-72.70329937676193
-94.84088445631272
-194.30351311635056
-124.89605134560715
-111.79536570358314
-152.14625950819388
-141.32629566612232
-27.370624022452688
-94.95751308052411
-128.28363060951935
-133.35614496356516
-192.28780897706844
-70.54745334205273
-80.69019305512356
-55.92987610198226
-104.42990141794682
-96.61570454138896
-1.9190185268234643
-96.86269055295678
-137.82493903517502
-20.03886572151987
-81.0952142870357
-213.14651996433173
-109.67954583723089
-76.63339942564565
-172.8373016483471
-116.34348802291791
-76.99289328499074
-94.67163030429198
-124.2227054831144
-144.2803793413577
-76.93269244988244
-93.84279054858766
-3.4689637688767476
-174.82585661196012
-198.35080131029162
-101.28939744146128
-91.75921081879211
-154.57601145791946
-49.95983251641712
-96.9985679451277
-195.0274988624074
-34.255937018685074
-155.45178058461727
-114.9257506800555
-174.34113101281838
-128.52188702196884
-54.6933408676381
-192.43692513205792
-108.79172304285257
-99.1424949900086
-194.2400065132032
-222.2128517052739
-125.07680833951049
-134.37376710019856
-96.03155857244724
-146.75125381351222
-179.14895803753444
-90.65867289131685
-171.11266629132604
-105.31567485580027
-72.80810491909307
-130.69603108271673
-56.4482861286396
-125.9297033689706
-76.4808959666255
-184.2423810076959
-154.82099413720888
-60.6400521183255
-140.5726503087547
-75.74558571796048
-198.77570893207525
-42.42991964915107
-54.40489513230644
-202.61834733481652
-140.9528128238572
-116.26859608336167
-13.4207389446685
-172.03379533574767
-158.31315387767114
-69.24820220057784
-52.782327849342224
-184.05990307516942
-157.57630985208334
-99.96087105854811
-85.64882072506185
-92.98039247229589
-91.38350282708745
-250.4425532647781
-137.16072396423715
-81.69584392749405
-126.21746352788949
-98.1919851748496
-51.162389664645275
-71.63392328651466
-216.8980103273758
-98.65316823090183
-153.28766840560525
-87.05880326591863
-91.353536503458
-165.90690518342564
-111.58935250129558
-25.34231074262661
-155.3274569175701
-154.48851087226586
-81.53020372005827
-111.47432530768583
-102.62831910830346
-101.16390506343014
-317.07107100602343
-177.24844853718548
-69.33486138384205
-94.1870274139449
-63.39522634187143
-195.9788901608252
-151.28571156280333
-120.3860478403913
-58.006741125859556
-97.38030760988106
-325.47973046677015
-84.53611112495477
-93.27751785185612
-73.13482448170605
-47.27610667508945
-126.00034560545456
-38.61427458860656
-212.13857770610718
-55.08011176782799
-282.7993899778184
-177.78618180061574
-290.5848690713475
-82.08438024029232
-144.56758915914486
-189.0092183058714
-120.02393376265552
-157.09674831560318
-153.13736089877486
-111.24403519475855
-137.74312524652117
-320.84469295324067
-267.2962511952807
-275.7772985573263
-102.33403641673421
-54.929919202534464
-163.20116412831615
-249.5315764060927
-156.25138038287935
-151.49050464002718
-146.67663581049288
-124.87292922957143
-215.83623442385385
-94.09076216827448
-62.13812286159664
-169.4723990719147
-264.74033535392607
-172.4961684520605
-135.46528628904127
-194.95249548229378
-60.30048761522301
-140.60589740960296
-258.16090764757394
-162.4719620978268
-206.44170956030064
-98.46339433807265
-97.37425607448148
-115.56453215158993
-136.7812355420153
-195.51447462572116
-50.2213292047809
-156.35558630590526
-174.3874061667196
-149.37471667870005
-92.71109455826004
-147.368036107786
-146.87216493498318
-134.34403106855734
-52.16188122363546
-111.21570206996358
-94.13598863438368
-148.92843147317
-71.32736730219656
-115.79424917306551
-101.00684035923987
-98.65173218629607
-120.30130169547485
-81.95033446169636
-221.5779953861682
22.194750997723162
-66.9289642131059
-105.04497147479974
-108.96986112973775
-57.12822853668777
-116.40247707639125
-6.501060013933227
-58.96514168600868
-62.1751732995058
-217.15241769313013
-129.4299084279647
-164.36741611623756
-135.46726840150066
-22.63234970063425
-123.96729156059574
-141.20354645874835
-123.38541306994271
-113.36496124218417
-86.35163650396458
-81.26709425570544
-379.7691940904307
-206.24120286156437
-443.3069382865345
-77.00541733277745
-100.43499227650571
-223.0074682078124
-156.31508424966546
-157.7630861284066
-83.0838574990676
-170.37123869129312
-58.46505000986226
-87.24682515423835
-103.07219424657342
-120.21936191476551
-91.34583392036326
-113.96758818610336
-204.0941690214512
-124.393393742865
-74.71097988963551
-234.35333387898257
-96.68402723623453
-0.8283409830299675
-215.61603766163904
-162.5212150930668
-133.20186402931697
-297.1572767631615
-73.07642565606534
-35.95724253045153
-99.01673384459949
-177.82757975005157
-146.41865406484783
-95.82599767763625
158.24552800329974
-74.22338544419594
-71.49496926126798
-52.326653807753246
-97.64111155972233
-65.07786772542437
-34.6520930373558
-175.0787681739592
-123.05980569053845
-14.656283123294713
-63.35901386447421
-137.20095876505673
-59.8340198832807
-25.018485071801535
-117.21384301467307
-88.60087957797006
-148.5317012251832
-476.26126539368545
-89.1080798190363
-77.60465471021848
-195.45335031137142
-47.10516073465848
-148.62918483739287
-40.83096527332221
-78.20942196316645
-92.18117898496759
-323.257654666951
-77.60320442385179
-132.99135068495815
-411.60166462061807
-138.26442565790956
-59.08430874618408
-177.83730932757976
-129.35121068696938
-68.34338708088696
-253.06329497743923
-39.626197972638025
-24.573221310680744
-27.089859190669976
-94.42669289878232
-7.772954893819421
-120.97854076705596
-109.63932552093766
-130.9738135691805
-66.6962094676669
-39.31247043520645
-179.7849179404363
12.940433354819092
-176.20100782468901
-137.82410920087517
-43.306489089262826
-153.24644488368142
-142.55452842229528
-124.2559257303888
-118.64864015584739
-79.69611705606971
-108.25587425130337
-164.95846571219025
-103.25590156596674
-85.56891799488085
-7.04426777974669
-140.62488546760795
-147.39126624245958
-74.89995478050857
-139.03766798917474
-260.26252635913727
-101.78122009939518
-72.33051306294274
-54.37450497845664
-210.18450146304542
-148.9923436724923
-136.9148565923886
-35.72480731635157
-126.35854832090374
-74.17832343189069
-90.43699931013364
-87.30839588906333
-145.28412342435996
-83.01251829192913
-127.71735588037502
-22.292306649243685
-163.03284814645576
-83.77066786773995
-62.087080380168686
-75.1826465432911
-167.22686162895093
-183.70260738160124
-135.10963250211626
-131.42517653682486
-160.24057880365072
-69.12414367784282
-141.070190223061
-105.42750084560309
-110.62643985794716
-176.83192041023383
-132.9752494113242
-89.41619204573283
-123.75613770745429
-268.84429061820725
-191.88227465536175
-80.62870434788067
-86.19334922968045
-111.79599680347806
-106.56208689063544
-73.31573793910366
-159.02043421592876
-135.09133607403908
-169.1098792360027
-72.10277637904815
-175.06196034402757
-159.32016523544308
-104.91379998140064
-61.89071108334079
-84.31822005602652
-102.3570400737458
-88.29645685393241
-102.08596545729594
-71.94918044345174
-172.42650726808597
-123.46521657010614
-93.01905346038623
-102.04030318646387
-98.122902008831
-208.11769809991375
-64.51616915697532
-124.63917699018954
-91.04382379318805
-132.24814863047555
-162.92311255188343
-77.95781255327293
-91.19525562972878
-94.94413577057723
-111.42815907646902
-111.8265586700011
-84.54342403269021
-44.963109254018995
-25.211379684503868
-93.41582906801375
-149.06231571645702
-95.64319337643957
-58.28685835819834
-200.9991952571135
-172.13973992431232
-187.6209045336381
-78.56490030165995
-103.30331895577365
-80.8606937295241
-91.08377641959407
-68.15975680078988
-83.87908092350868
-95.05733822909973
-93.70015226309616
-117.91964131117291
-13.350851292862188
-90.17485836343911
-128.902635127022
-120.00519401220198
-115.30233450283751
-66.12058763227631
-353.47457711621684
-99.8479216237352
-140.79229116895488
-169.9367936530902
-235.52917500128245
-136.17494900852213
-52.947674306078724
-124.98539589522406
-109.227788581798
-175.97955104137287
-256.45034223076794
-44.119331018339786
-182.38302770605594
-158.26188900403582
-121.74006647429812
-128.7845046775785
-144.49484834633853
-72.99450657301901
-91.60997579088692
-356.6821815992316
-187.95116604809243
-58.320031431042366
-129.21731841678258
-292.41245200164354
-209.20153701827854
-85.38053785543696
-202.55722251614966
-206.72394301605596
-140.6689142575595
-172.07437814020545
-231.21213091453384
-134.8017733193755
-138.21461220171233
-174.7960186824362
-141.36207113759346
-36.488350193453215
-102.14586967512709
-103.33351983367814
-133.46455123115484
-106.73935217535353
-116.92861702271682
-66.9028174077662
-128.69177310663804
-95.31362267984017
-123.07230246280105
-228.0068007854997
-121.18715010367228
-145.07736922040127
-107.08937304181477
-129.41019810207138
-205.36116796019286
-114.63275755261648
-56.82115521398947
-65.9159518527496
-136.27634301868193
-309.7864111084277
-76.71651649707192
-109.7158326678931
-107.46772710702548
-49.25075807087087
-168.37797364480252
-66.67303377167221
-52.30643722440931
-119.87286934282568
-255.50941484126128
-91.47321373194144
-119.08354676379247
-190.8616364657397
-13.990174851238592
-89.30502818745676
-117.08166777033034
-126.16325831414159
-105.96999808832756
-61.64427912926083
-117.53929194891013
-248.12118922010012
-158.00778515752378
-175.50269147478173
-136.82781500103565
-61.6694335473866
-183.9385586652182
-183.51356765609304
-73.52372795587995
-109.43162482961054
-78.45134369006723
-7.952231809153176
-120.99841874168419
-47.99347133904092
-118.54516173941764
-204.20440799690004
-115.16806406727957
-171.34911282364058
-88.57811646018547
-342.2450954523286
-180.78559345401897
-72.46734636070583
-122.21337782199629
-107.10594645307722
-80.62458420679918
-168.1757229207442
-141.438627847167
-64.78283245081356
-100.94705686186167
-25.055921211892056
-119.14225578386568
-93.6665628007996
-66.34113038436143
-74.50088478883009
-29.111590801108264
-118.70270085796557
-119.9567048392459
-55.560529798884716
-94.88973394901552
-239.27350092963877
-146.6249664946005
-165.3413222133388
-82.28685891100162
-137.6353850529344
-62.58463795850936
-76.03470007455672
-85.47211628131207
-169.60386259090603
-33.639214728758915
-257.64749459652353
-94.53447131320571
-87.88279587665316
-98.02920383289498
-110.37276931684428
-35.53996531970513
-132.80450543079883
-86.86119723088349
-111.33209176875759
-40.670203516107065
-105.15750091493284
-120.13815076443689
-319.6493867702019
-32.94233566751956
-56.66936002887057
-154.16596191890707
-61.04176833385189
-78.10714052816465
-178.58803152146317
-159.17018438837977
-370.1350551922266
-86.35014542083908
-181.77971359698032
-81.00722225157568
-67.8783748890743
-153.1196309755878
-16.927044129070538
-225.4899639962876
-107.24851533566682
-225.0196738664564
-220.57918201140257
-412.10801425285507
-139.47477152874987
-77.46246707396843
-8.104792717947163
-84.34631797738757
-77.67804720044182
-159.8193264065725
-110.9351763282981
-115.29183841645249
-100.93297615284563
-107.67069575768684
-156.42020905228495
-111.42354559262996
-33.95649777799472
-162.63926694271268
-99.38518417162884
-156.78467817549006
-34.952939324676585
-100.10398569751092
-99.38666334179038
-95.6036382567977
-25.269601164499576
-160.4261492259521
-48.709483221454335
-59.21001051643803
-100.04441331804995
-205.22538547008992
-72.6936551638889
-150.06996748211287
-156.54670281283876
-177.8824919236083
-170.76036450471207
-149.84018489084417
-119.1795598611768
-96.16444506944002
-120.43191742494596
-38.375280339357744
-148.96234624811328
-143.3971697534723
-59.48904030629876
-163.5998913808283
-212.96803220524095
-56.12599961478976
-184.0698524866635
-152.32751192661607
-137.48021160803552
-84.94258569009827
-116.09032311596688
-115.78856087414717
-71.00567041561223
-322.28941545874295
-60.37605160566164
-203.94977779608823
-157.5840508086692
-37.74614833062786
-157.4773502676768
-128.42609111986576
-162.8745951598848
-73.4559016097709
-112.4951357004636
-61.9298555023766
-199.20000676969542
-68.81565008009042
-57.67409242837451
-73.93465165401744
-170.31143359974004
-134.39354571354966
-199.9101771507652
-322.35578335657203
-133.16477103080086
-184.91861009194088
-79.80541229845286
-220.5855354771548
-188.89863332433592
-244.35938486726303
-93.72335332264663
-53.54891273989614
-125.33711101592695
-215.02740715018905
-82.64423275120019
-102.13401870888413
-138.33788645050052
-106.94084885953428
-189.51664219184642
-304.81494451331287
-105.82224637277274
-238.4673706826125
-57.58093900067446
-125.9463957557339
-116.7808898916711
-146.11188718124578
-31.469308109877105
-222.0586391014756
-115.46471185821707
-274.59467931502513
-102.18002928355524
-130.6606182962509
-236.2211696054858
-157.9097778083037
-245.80479908702068
-52.24442797258498
-93.18066534191027
-135.43294987111318
-102.4720454848233
-62.74634070699379
-146.93252766043258
-149.8588708015097
-64.05072111341434
-131.7756120136665
-206.65746189941987
-155.67488125820108
-161.15661572957438
-90.03339584672696
-156.24141282452322
-175.74777459864265
-82.55399158301401
-170.87440820652236
-127.63671160957782
-76.03704675992718
-137.59291285787324
-161.4834873706485
-97.37527975327559
-133.55346342230766
-161.4855981065905
-105.34017216726802
-90.6758170624341
-54.58953406138743
-174.51069113970613
-116.81148292150827
-166.64904392670454
-77.30486716205559
-129.6139323767113
-91.04080817790563
-212.39034595101037
-67.75020509857869
-266.95271576960135
-62.166289481764196
-84.65744925449026
-195.5880646991492
-156.31488383581677
-126.43522938152208
-155.21223529538324
-151.08235493549077
-70.77760980181128
-73.39715037590857
-60.263200671016016
-78.7910613361401
-139.0705757976302
-70.56767300254239
-117.11067849391564
-106.16255891695218
-115.42834006296829
-160.9150439989774
-156.2829088348231
-253.5831889650919
-180.1046707091293
-80.8073256891123
-117.26383677126697
-144.30725289178355
-133.91989008099273
-198.56455454684985
-112.00562403211163
-163.80186145803447
-96.89216633206244
-375.6681684229751
-55.309098414697694
-146.6779794784818
-73.73548402322372
-87.76423436682028
-90.18987292497998
-109.07374165854038
-132.29529045564465
-107.34129876330366
-71.506387787351
-88.76648465332627
-113.51933272834788
-73.91902673064438
-101.84237040091213
-96.37501195516656
-248.1143330433256
-113.67060102639823
-114.64957185752867
-120.8154424575695
-204.97386794462045
-89.64540897196083
-198.85705053154737
-197.98806747589668
-116.41493022827895
-116.99632544349855
-89.4105419863112
-144.92356493317695
-85.3845347318486
-114.9106715360878
-258.0246543100101
-106.3275491223652
-142.8678319981968
-144.27518352781908
-72.44322250031206
-176.5771694237845
-136.4503520686885
-62.01451500298211
-66.41610429136776
-80.16392669662791
-105.74465631563538
-58.84194006381646
-69.14240874334979
-216.82117840382807
-109.31859819785276
-48.577264525032724
-86.34994646052598
-132.5187159497521
-156.57411251490714
-118.85652497540227
-185.93417997225316
-168.81089808436184
-78.13688719853587
-145.85477827288156
-123.18708507120125
-214.96453424287085
-194.5391566603235
-135.82244944468346
-128.48838968580327
-94.73804533692534
-80.05260658577559
-135.7022083943208
-226.39645871089178
-167.82254072424962
-59.245914393973116
-150.71353166493265
-130.7725715439176
-142.084434138925
-108.93554261158448
-33.87846337847057
-179.59570435855477
-100.98276293347877
-137.67821060878936
-122.76923319053734
-63.36165168415057
-159.87339607706792
-92.40955146129038
-42.1125666890571
-121.09411087560206
-264.2637450028174
-101.57430294796387
-105.03078862272518
-104.54555250591643
-119.39816548294891
-180.98925956654284
-74.59660333702857
-117.46847005415545
-198.78456000043624
-133.1190095196582
-127.52708434512911
-88.28467903231888
-99.68189689082897
-104.66472287101362
-105.95606093160261
-138.04748340377682
-68.18099939166689
-84.79379033781944
-93.9930504223706
-55.71669597304153
-363.36876273467635
-82.90967257781854
-149.3065965218451
-214.77582164145804
-261.4560788560447
-35.574289267412496
-131.039445357056
-120.08049199127859
-139.76386056422575
-106.595899837208
-75.91424676507965
-137.83226936983064
-95.5222400385381
-80.70458370063835
-111.58666399327295
-128.56200816611656
-97.33560632542043
-126.76909766312284
-113.43409402802396
-87.59724653690631
-88.15858291418353
-97.30837490695484
-84.84858706324201
-110.8059312313514
-24.913449332230158
-91.21220963858235
-185.2907051479413
-166.61648653782686
-90.76410214399712
-73.63407493353401
-145.92486606284865
-176.1666321232813
-46.67951611122619
-57.056930382597265
-94.83161050462017
-33.05754399047572
-118.62313453602432
-186.79610866034943
-109.69011226649528
-227.93458747018116
-127.79108978268323
-93.24395068579098
-142.0843627801722
-106.8116941675498
-63.85183820332972
-57.175128437789496
-147.4300272201245
-85.74168203125788
-143.1145963710124
-166.231023791423
-94.0593695150371
-127.08341004271307
-150.56881538706668
-154.18934641013914
-111.83523716679801
-84.13579518425453
-168.29335894951828
-111.4198684225706
-102.44948598996294
-148.946459156199
-257.9073521871559
-123.15402563454373
-138.59789965619817
-58.84352929014806
-140.95739396036723
-139.2113601504478
-92.8586613109348
-94.37382329054509
-226.3951501542158
-136.22735870729366
-57.30848387977965
-135.38303763477677
-104.67226442135154
71.00086976306682
-165.15827812425124
-145.34793606661717
-174.41252003560442
-211.25421952894166
-81.67997260236223
-161.3763282949507
-157.5524820910057
-68.50142068707551
-92.73538058111721
-109.35752706148875
-104.4911940760445
-60.76455039316154
-106.01885826744686
-63.570595755034326
-177.630013611964
-148.73066454952283
-43.88186961585362
-323.6503344953293
-100.30016063025624
-91.01954043359459
-124.50236750330293
-86.5877270849298
-79.8173058452634
-136.79422204029282
-104.63311464076212
-111.95592522265866
-124.76824652316857
-93.03771823305517
-138.80913343557813
-227.981288375247
-127.59439286685685
-49.830959007514885
-121.41557464091917
-72.22718995601994
-62.17726447193927
-70.95781908370299
-103.9735878687492
-198.90048960438247
-97.03514433739147
-119.1354005907659
-58.48370838810282
-219.8370103059155
-85.69633274987471
-103.41857758539294
-115.67731973838318
-333.8712735326718
-121.23227053151167
-111.52258732470243
-145.00137750577017
-173.55052873974972
-220.94488573321803
-176.89769259301227
-52.35902655840253
-154.85694842714383
-104.60454996107723
-75.07743495219316
-72.90493499088934
-96.65544369944296
11.867600751157966
-77.24631690994458
-54.45737263988693
-109.80016583703465
-71.62884277504101
-335.2652317419831
-139.5612601390018
-154.20292404870088
-55.11036589288818
-214.35156072275657
-192.97867201619385
-74.30437543114695
-139.34797512957755
-79.68419675940484
-54.21713223910362
-144.16206191098806
-109.22652016366635
-127.16364456752197
-172.73461799431556
-117.04335437312379
-96.9267347913325
-107.47933296553752
-103.84334441872308
-70.86110644344585
-138.22253241076805
-57.07479204850537
-176.38555389640183
-101.36258940570639
-62.154060625706634
-45.07440492866988
-99.44966086444575
-89.18328766217472
-51.0503518716053
-256.3913282348736
-106.32432281035408
-194.1419455078984
-52.76308588308166
-134.51648457195176
-93.46233859095739
-127.91723829953364
-119.32311762457707
-67.36563933461622
-106.8189628008583
-200.52194771606946
-131.973860514462
-70.44127303900643
-109.36798279735787
-72.1220280738176
-33.76433037066446
-17.57901731116263
-100.13669236461041
-187.63632298966033
-188.689291556993
-123.32403971448989
-83.00188839442352
-85.9560814697129
-150.2287229630271
-113.31324787712023
-128.85566833323298
-90.12827658370216
-68.13314110873326
-98.29512844656992
-67.27301601477902
-96.27533575100598
-133.99999579382637
-64.06333839421224
-76.29598606036419
-22.702416461871678
-158.11925420699487
-127.97204037759778
-133.30774734006738
-40.76639285013368
-168.69531351319458
-81.15783482844256
-128.28164861182543
-122.5493977836988
-57.167685682284244
-122.12268417990636
-47.06449382341461
-142.2421882165527
-166.13657183843165
-67.54625782289621
-108.03564778455221
-163.56639584368986
-23.68646208460592
-87.89470178815485
-129.59600419935575
-106.55018481543874
-86.58178952447872
-69.98540279120093
-107.69277145689405
-91.23166242272748
-76.40778630301871
-37.86031110469321
-158.36816777770775
-159.24009240413858
-137.51321728132666
-165.81618046208814
-210.40268949643126
-105.575466680522
-113.36410916967789
-154.96318784739415
-84.03148560368183
-135.03153848965542
-152.93492716101147
-97.58447896290409
-126.39453432732267
-94.78642084437891
-45.6790648889868
10.132464773657887
-80.30297459766979
-257.04408982847474
-130.98108304051618
-125.71661833528765
-152.8824734019123
-120.05953100385759
-310.22301464325136
-158.35657067837644
-143.1298878595418
-76.65536674927667
-50.397028374720584
-170.43537601573985
-201.06646637250535
-116.88416477450497
-159.923171596666
-77.97503069722639
-32.09426818621442
-99.67535583720792
-106.04368854041783
-107.88188033759073
-82.10582795711018
-136.6740689025558
-58.37859084205207
-164.7561684444132
-30.32907529840928
-193.34064055082249
-101.84988297675669
-53.524982394837984
-89.53155176326048
-221.56708795933167
-94.43360235632542
-86.26214440592607
-67.5273095782594
-113.44629266371845
-85.49954213874928
-84.01786207386954
-179.6342326166473
-270.00923442429905
-49.494871965282464
-77.2065348383828
-124.07594491404865
-99.03299421972329
-126.6913168347865
-102.4603262328102
-149.00077854502115
-51.62361278370082
-236.40963183591802
-132.5701314936935
-170.25633297701015
-78.92419575754755
-60.987054140531555
-148.65788761363672
-126.96671768220078
-155.33177008799555
-256.0965831178088
-142.0780037777157
-123.80138016226344
-239.69526223517886
-58.5269618829096
-58.202452393470054
-162.2549174941319
-99.33696245416323
-59.658987320420586
-34.38360781563112
-103.11372658833136
-57.49768611960653
-55.36482402776509
-125.28742549585937
-96.74504963683448
-109.27957311852366
-170.48765894928286
-217.15981569701142
-121.95411570866688
-81.24278590266408
-114.5679895219377
-104.16539529864805
-101.21669263572227
-91.79700358207663
-106.40452984987019
-119.33153503709296
-110.62293142976347
-91.89698088555538
-129.57233037927583
103.61317167701931
-94.93134737411296
-200.18697453539028
-10.54496545551686
-37.851275071302716
-4.487863330902968
-73.37329525386522
-52.22525470351545
-85.97737419366551
-86.2672894905747
-41.39505751342041
-81.73163604304403
-256.6571654763104
-144.979157541026
-84.7385046834228
-125.93128231377011
-79.93687367088125
-80.70041412324242
-35.18090496171728
-95.81900803190798
-122.06900701924417
-110.33824545223948
-88.52543197069713
-76.96547707352573
-91.330671361351
-100.55028271240411
-65.74843010397538
-95.2212398013849
-117.63352794858942
-152.86713661978146
-71.19459520219922
-103.26752316362759
-161.50540115671936
-73.05033168789484
-67.25136351136157
-116.09222249037838
-123.04747109577136
-139.73156702570688
-75.3472215610332
-86.47757385803096
-72.20413980114328
-128.16930645498206
-74.59138831709218
-105.54222706943698
-28.224833143229333
-18.63896412835217
-89.47222863055691
-203.10490457078245
-159.28881451137937
-86.64084578382531
-33.61809390164561
-63.65453300210641
-94.09919220088466
-119.55170381664412
-194.0391703173442
24.762203274252613
-61.85602081112168
-97.82559361290704
-69.87364191715187
-98.42253315064002
-82.97226617256989
-113.23479802955046
-98.73994022875395
-142.36506786251957
-126.32557010776344
-267.32000521778957
-75.88865974318412
-97.1598828600597
-17.787586652548228
-180.8184297091433
-138.07842269623333
-160.24123749946915
-216.38581412196032
-282.08064695707765
-63.84484971731794
-109.48273306577637
-181.9972003045613
-79.6579058149894
-114.47194438756108
-60.98772676908107
-141.4816990310446
-35.24781528119337
-206.81336773102873
-330.4695106549968
31.25254165374463
-90.7815252160029
-112.22418280448542
-127.10007025335551
-90.1589725547461
-315.40807372475456
-23.714106537049084
-56.26992370773563
-150.57649272498946
-335.2195920125049
-39.4429452079693
-139.23285899050126
-65.40416968123907
-137.91464312753422
-118.70256898451387
-143.7729763847513
-98.53090075724683
-130.3607153487618
-111.74780774085748
-136.8034524889275
-42.665423151910645
-175.44780947970875
-69.51698446750007
-54.280297237539955
-139.49124958260825
-162.25000801133268
-150.1765894538947
-73.27074355972155
-76.75544239553625
-43.76536820931342
-108.70796615427258
-142.395958045673
-140.1068616158223
-70.75731357496346
-84.91311463246547
-82.34394476340341
-82.27867576265557
-65.44829505394551
-119.08252034876686
-85.75393617392754
-119.85047583044732
-122.15174655884574
-126.38041587007999
-97.4657852617622
-104.00410373513255
-290.32920240522697
-157.97655417228404
-81.56125149316327
-120.57031276932562
-151.79404036775736
-141.87700358854437
-149.46631843946142
-123.97456118748835
-82.28933351542514
-116.92306903215263
-147.09322035066202
-78.18214518496512
-72.83267454229977
-217.9970801012176
-87.66883233807197
-98.90855117341073
-54.206018925309706
-23.147247403789873
-112.54020177879227
-47.9335722070025
-277.0821923379252
-246.73727856963959
-91.72122322410483
-107.56547484456696
-46.611970117942704
-134.4663655352418
-176.6907957179174
-110.50170531235028
-69.01608890839296
-206.06590286946255
-96.31322599597956
-153.5408418966269
-122.58620669348753
-156.0718923964135
-97.55595548571793
-148.52149014249568
-138.9282003805498
-118.38068196803687
-144.8826200292063
-152.87722896226168
-74.79798840358212
-162.10740751100397
-75.37263909255783
-53.87723283277743
-81.44797736496179
-44.68216390890676
-43.229842041946526
-72.58451483273328
-133.6893960326551
-62.18013563718611
-43.928342367930505
-44.14655674938925
-173.412027996187
-48.72368193161467
-85.7604516523575
-38.686833404830715
-75.94734202874993
-63.23749542178588
-69.2615889580512
-111.65628788998177
-90.26168840836148
-61.92688502541602
-162.83525330783337
-82.30435357027429
-131.25024610028052
-192.01811114820015
-30.472732122408303
-168.34301335286835
-160.74278738064586
-81.26300608238546
-66.55457044602929
-236.94059270880072
-125.37440522680421
-196.04622802389648
-71.79488014777263
-103.04249994409852
-140.28277278502395
-64.85608425200586
-59.955081647745295
-84.66440717342844
-115.861736738149
-133.7724872545173
-107.06840704327972
-86.27602172567933
-227.15210596156234
-162.20612608747422
-123.04025370034768
-57.42101200320709
-62.73145554291581
-193.46629325329278
-27.888233725287577
-208.46972690294646
-99.83594691842173
-80.83446980087571
-222.5357187629242
-196.75821349314748
-150.1588700010151
-180.94707870872946
-174.58219838830644
-114.34631331202813
-165.10537286066875
-50.03632299335007
-113.29344639115793
-177.361043034176
-116.62047845162601
-146.81089664425133
-31.912577482728793
-89.17438785724265
-108.74561011542009
-116.19138047958764
-73.9576303259941
-124.94070996852336
-113.33562221447507
-88.03219165841553
-127.11455851699293
-168.1116503046474
-216.1684166882821
-64.94971627729024
-51.61653308343713
-68.91128826770074
-123.67466050313989
-117.64514904953062
-151.90336769027462
-19.413446857052904
-135.07574638389454
-70.54398666769131
-11.435927158619933
-85.51120388702176
-176.77216212641804
-143.44811399332752
-132.60284204495457
-12.514497245635496
-104.494563406035
-28.726497912352784
-24.914661893028338
-161.1615302639284
-62.06611090027697
-58.3748780695674
-118.08499249578188
-25.66517340348318
-35.039768001174565
-120.8358080037881
-109.66792688814155
-73.02351504772213
-77.93187892539433
-102.5652281108142
-289.2049189950065
-41.408759193595856
-95.99379168979709
-65.83267746122034
-36.1321239830086
-85.65958567588086
22.82570783141597
-75.74402622112092
-74.46810508593151
-76.5144637269258
-91.9144534156001
-55.88808875715587
-75.99955875063225
-54.084347810837485
-218.10777767238073
-118.19677994077618
-47.05757408807954
-26.970403515394196
-310.42731080257033
-132.6709616332935
-105.26626207961873
-185.00355637401478
-73.2075581754352
-57.41254964449428
-113.1853862110063
-209.7757193635447
-59.11669795844525
-68.16855456293962
-130.3272751972089
-156.097647544909
-123.88732474587158
-137.98837529900092
-100.12935377223718
-68.49885246615506
-85.54846947512912
-122.44071954773146
-45.291864419218015
-19.194390706570218
-81.14781179270909
-93.32248314318073
-37.995697230091494
-90.99881310030551
-115.05429580196599
-80.2350843668965
-178.11605021370576
-55.504204733555696
-152.4998199011739
-87.04036606055975
-78.67147132435915
-119.02438318893981
-126.09968966461378
-114.67447729365085
-171.35914619693736
-69.60363335707214
-89.2737932693087
-116.47702604140352
-77.28392457871193
-178.70623831152227
-117.07082316509141
-125.62189028794691
-141.7300117987537
-98.69902234921493
-86.80915973828898
-118.34343222199678
-64.70347669139093
-154.29482589537014
-98.29719133468116
-83.36865317325075
-120.01213709363591
-213.59378066461693
-43.16350397186929
-79.66739889741126
-33.40023308991229
-195.97003404942126
-180.31640565967805
-124.91087741247865
-70.62084083067161
-132.22905337605394
-87.9780619454997
-108.7829133896523
-23.77019924972879
-89.97135264241089
-65.483695134898
-64.37206344877558
-129.02054825339943
-24.93455122178186
-112.97960731690466
-286.39725804411364
-82.08898600912222
-89.09643000964901
-12.117157559047026
-70.49554570959725
-24.20869745979367
-208.57682045671882
-20.03915987483748
-123.93010049918438
-115.74060881318655
-101.92348668006348
-102.81559185622302
-95.86412022450143
-68.00931146935363
-94.13151813523429
-126.88639696291926
-9.006403421590008
-167.31572548253192
-103.60601570645093
-87.64084548274455
-132.16735285934124
-47.506993090727335
-43.16119047697761
-112.6444217127696
-117.64212006666969
-144.621845277266
-142.45777485855234
-109.72025230170063
-119.26629151560478
-83.13749812818668
-54.23498610043275
-176.1360060536647
-249.65504835957285
-57.87735879315285
-139.9698598572532
-54.80084915619723
-98.96586489147259
-116.61151100854939
-97.09071331126223
-112.65885766059995
-90.87897012268573
-100.47300574125742
-70.05372544741081
-110.94540230708715
-205.10008834861554
-98.4103481777618
-155.23054476947138
-175.70165114427314
-71.25332915241302
-92.96860685583437
-102.50250545143108
-72.85396563826785
-189.52302277433958
-115.16662795442176
-118.8804356030418
-61.26995980456931
-91.16593655629481
-225.16918689306047
-111.42277086726399
-83.57900974986867
-103.43059633252496
-82.34333488616366
-97.25511105314503
-102.68453349007501
-27.586060977319804
-75.60642192777911
-165.96056739891915
-75.30227666040366
-110.62682590897558
-142.40149809810305
-41.778807444762904
-89.48948835708065
-45.600543452452285
-246.00971556443233
-71.04244668509975
-143.3750526479943
-45.358029128515184
-51.99310411068254
-155.95078196359472
-189.09834272985432
-89.93114096039064
-98.70229365458547
-63.897518309317476
-56.90197801939031
-6.331163071827518
-117.36829157598936
-73.3316027043745
-74.89625218661165
-151.96485792609013
-132.00649556034062
-100.04781778728045
9.30986768549495
-97.27461847868496
-30.794841219436037
-101.42833520059318
-81.99667070593915
-64.93302379622617
-105.5681058750745
-118.75995715956573
-113.38815532798326
-104.74342982480648
-164.99798595570826
-79.71360815085129
-158.29938032785847
-51.44875459894088
-176.7315396283538
-167.69781722869385
-107.47280349358442
-53.14936146570221
-132.23742504982854
-80.31837340894852
-38.875112390214866
-16.4662202704572
-60.369303482675335
-136.19300861021839
-50.78132614601222
-116.19757039274187
-17.606109383196667
-158.57813679703696
-65.4236230119094
-128.2939157553186
-147.02195523567036
-108.2806247800033
-140.2253869447697
-140.29814102891106
-108.98929363148798
-105.77909359367783
-153.00726326988035
-121.28784721308662
-178.1088573559901
-143.90976864968206
-72.96419669579777
-157.46252137815193
-75.40290441318048
-215.50434865778715
-71.6692899279291
-158.60524026951964
-154.46672631444062
-136.3651775659108
-84.9238489462019
-101.67497045881356
-109.50750630515037
-74.0535985295914
-112.42476071398218
-72.16512057769982
-89.60704639710944
-124.29919815419541
-96.31863245309717
-93.82917132844668
-111.06894531329417
-30.520778139245053
2.0344883793925987
-205.33741770604917
-64.60070602506158
-103.5373474682113
-81.69622702723666
-147.67716609591156
-87.46322267634827
-79.29173662559151
-125.93476711150643
-71.66051702281054
-50.52894845261214
-73.20472025026092
-26.013319960876544
-111.98292925444463
-107.75823044275577
-82.90345598840887
-61.93138224985271
-180.91692410151478
-157.45512395352887
-98.9287461702137
-92.02776361661776
-39.902234865602736
-56.148683799230014
-65.41606196074144
-76.86407223584708
-128.09714616990237
-117.97377363377907
-100.36849954427329
-175.83835123992668
-66.45078261784373
-113.83146535281193
21.742319518724877
-168.01184273790724
-148.48096749121567
-7.93474907997512
-101.04110761600963
-98.54027152389945
-118.42254748694856
-172.70894061214614
-110.64092736344655
-44.367854964322134
-67.47996465934779
-47.35754994273644
-92.02590536555266
-116.68574537143768
-111.47360859959038
-81.17811625910454
-75.21885187086805
-163.81460458717103
-88.82119899499628
-89.41350067008273
-91.04754835588167
-76.80727777039485
-86.08589661639267
-114.57869968400269
-38.08838150678163
-78.18127331533181
-203.00416662157934
-117.58697301771672
-15.562410216777053
-87.97693187245468
-58.059545966983286
-78.98911571624353
-144.7252612451817
-63.61982700917116
-140.52003679078558
-78.79285983417773
-41.28356190184688
-71.3168747912689
-81.46061452715963
-50.36171610033069
-75.986093198945
-51.46113879717791
-54.585793143810335
-136.86636434126086
-116.91671570696298
-86.65815770742934
-131.75996732414106
-240.07908769200208
-71.38550092204687
-54.009862291746444
-138.43190897059736
-92.15852925522185
-42.470764980752406
-141.04802133740293
-190.67637519094518
-150.3046722144255
-101.8303348491603
-217.54983017819637
-80.69315744317171
-69.44219024376676
-166.50178055701764
-74.82491808363754
-41.0960483617399
-40.941071118006995
-86.26790421320285
-145.1410331344544
-63.80024990871105
-143.15349415946565
-141.03506871752847
-50.516891466558064
-185.22600894468093
-197.45117436942803
-127.4523839859493
-44.08586924252287
-79.9942948875727
-60.104810664396794
-85.46869901490692
-47.74729884778393
-87.71455306958791
-76.89153380597669
-211.06680791749986
-32.103451245697684
-56.30596307622067
-59.89319939133254
-81.14483135003624
-63.035518934364035
-145.90590742075423
-53.79021987770294
-28.116512599945096
-80.8367735860347
-32.973078982047525
-79.0626196160442
-40.08672077856945
-161.48658800806177
-81.98003764174274
-123.70372203269406
-129.19019960129677
-133.94427783365987
-185.95159807674082
-42.5282272087866
-139.84760764864032
-112.35718938956387
-126.60136264528664
-105.51137616322141
-54.23854629740019
-60.42737376266989
-137.3611573684154
-169.6013818623149
-114.34842585560556
-97.52310990708025
-67.61946131560174
-61.85668121897841
-112.66603516198607
-188.83310080831006
-92.70901323870092
-222.4209180385647
-84.3346587555948
-18.54670890117852
-68.97058662771147
-54.08207022423714
-82.090295837297
-52.27545192801047
-75.2485400427001
-28.78174818813544
-235.92188754156368
-95.42471649097315
-162.3796348445291
-144.4894673587612
-70.43497748174772
-82.09497259237456
-137.52643298930838
-67.67659137243442
-67.40119052660206
-21.613763604120223
-100.26888196312495
-53.72673687672126
-104.70428004675725
-87.06020924176761
-50.46250038015325
-49.35559834745881
-44.72545045013706
-115.16336746765698
-65.99622933431915
-48.758253762791924
-96.05419837097801
-76.57015037375017
-43.56921758354626
-34.572663960187484
-31.783956289708016
-94.69311888213993
-88.16001930146781
-12.060366773015033
-203.7095087713364
-135.6129840655609
-84.70118608972653
-61.19509773807076
4.933347153551317
-95.20943130166076
-114.72666252206945
-30.682093448303185
-80.50855286179345
-90.12128704297191
-75.69932411902653
-129.17356201436053
-10.740515440204035
-86.45516337270931
-62.54916865497083
-102.45991372031423
-54.56329806817506
-108.79285950785065
-74.34957248436577
-129.0049113922106
-82.63184456632918
-150.3375702550017
4.805855477384995
-93.65717635660857
-35.60019656911062
-7.279960328101609
-112.63092086358219
-34.94956068521846
-64.99517347052375
-48.19097158014735
-54.814118821553414
-99.65940042105449
-30.355983120185
-78.08475052940523
-53.68279997693836
-61.033551645963364
-89.86729680176705
-48.57208113845085
-93.62593199605284
-58.96540804158578
-78.34930283061227
-25.687111534824922
-71.79020471413598
-169.41282461205031
-213.50175626326669
-150.47582033273267
-111.30447906561905
-146.0416678315832
-36.039789920806285
-26.74794286164854
-60.440348185733534
-95.76993086706136
-58.810011961098084
-28.59062016223287
-118.28348554990903
-69.4927349846658
-139.64420720167254
-169.0340346351251
-70.64737385925335
-117.77887320032002
-57.52016565789121
-101.21233280334458
-21.73035590480854
-37.49353446187823
-83.31527196470584
-79.67140075353994
-116.81004466988796
-92.69515896485974
-106.28546751911337
-121.0535202666523
-77.28029781315219
-121.28599430649153
-83.92635983687836
-31.6240958710832
-20.467929498315463
-27.64742969789357
-97.08709738891798
-37.4102643265576
-18.419022022994852
-75.44164781076955
-45.105281537778986
-59.165487184804505
-157.71151666597612
-73.80827375126695
-109.49804728305413
-82.09327792725915
-14.980701014959934
-81.63777989543367
-199.81047346610796
-155.77826889099896
-52.51065089807942
-50.01616868428519
-182.36898711154473
-49.03616129081131
-137.29462480320265
-43.79909756009264
-97.21082337701577
-116.46190357688403
-72.58642624345197
-78.51437480266137
-84.98933931381478
-110.25971880041796
-92.93732283144497
-29.418204212986637
-143.3628636471073
-54.631666665363156
-93.87298963139622
-182.7721138642511
-45.223912426791344
-135.4211436676414
-66.9639555649661
-93.21327122654267
-58.40826189936673
-48.13931854945501
-30.466922941282093
-107.17865248218112
-68.07328894342902
-66.12061865055892
-81.26804663492446
-84.39958771413353
-66.24036659000397
-6.687194731281991
-0.2601693049245313
-121.53965188311159
-69.77865073334218
-97.02571441540314
-43.30027591917911
-72.15346005244032
-112.2610866488069
-53.41704106433294
-140.18769262641501
-76.54778959992395
-95.66131216813535
-162.35818721739034
-64.27894257044694
34.64489043387592
-19.634626973063547
-92.335744063861
-76.71103284890381
-105.10343201303976
-140.31996388662742
-45.803714535758346
-75.31355310453911
-99.09206537564987
-60.86738426381601
-46.43128057052237
-99.775995458852
-169.5602855143236
13.421312485581595
-108.92031917606148
-71.35081107587247
-49.507584192026975
-27.946676159465397
-48.036552178794196
-42.03315349863661
-13.335822608557379
-85.26610198682823
-103.05551334013849
-52.891971644213314
-72.84484197820609
-32.309495055582985
-67.54530602368018
-55.102091379377114
-63.44595957752159
-38.23975837422499
-140.73734409804183
-187.13962375284095
-73.4425271026531
-60.23424326821741
-46.62934615142869
-46.79604223396433
-29.663246974670514
-41.87293429337646
-76.93898623706178
-165.1791014167468
-116.78799749605572
-126.04943304906608
-178.48693282142312
24.184915292657806
-32.12553262535871
-73.81873975400502
-28.437069034015977
-7.894247625646173
-77.93250259313953
-43.14230285995089
-33.729578855819085
-105.88378032349351
-26.565076912411044
-139.49630620951012
-65.59679908062787
-59.98438175214915
-59.48452948897143
-77.50842796722783
-10.969598856261157
-58.137330775389884
-59.81598573133144
-150.47600650632236
-82.21644262986388
-31.498761625016613
-37.143412596604335
-74.34392983558143
-30.542717810421024
-136.3070680360358
-4.587488001156153
-179.85980036419426
-94.1752057107875
-44.4957099108905
-4.9273470807415265
-97.7836776684543
-62.50990862025548
-54.10040368419321
-97.89610480944425
-63.626265101896585
2.2741292501912653
-29.060711504832014
-89.48920744726307
-65.99948859178637
-82.6938062073362
-90.24564424428395
-49.61254994546326
-140.4032517968035
18.551588939951102
-68.79707653807802
-89.25025329618371
-89.03162110750208
-26.00419276575279
-40.403945246210824
-6.406602069973417
-50.43984347883771
-62.522737823100606
-32.20891647566751
-49.73112616356916
-125.56007551649802
-115.66850034666898
-62.64416716044883
-136.64164326214694
-35.82939139055553
-82.29667834478602
-83.03248136794473
-138.35280769713705
-36.93246593754941
-48.703294569370584
-103.5842915945542
-130.7465910663037
-69.03654753951224
-6.427513699876187
-113.97194582390729
-60.85256866663414
-83.98359350821173
-43.779304731132996
-98.85452688343261
-17.737524841952723
-38.40163459262292
-41.42807010410436
-25.139765979560522
-136.2643728364735
-44.34266244312249
-30.353526223352958
-95.17104195945963
-65.8601527296863
-10.182887875867799
-96.67293957235218
-179.8767221925176
-121.33263919377694
-79.14549591814995
-31.46499931819247
-48.59979964328526
-75.5765542839572
-82.29241934611701
-93.27475826636703
-35.777281056968306
-36.7447716325278
-43.74031759829908
-73.03654462576321
-28.13426005121087
-139.8528543382147
-105.83461966674241
-36.461138540651056
-83.96724186343201
-105.60968297205255
-96.17845570861076
-15.96506840763108
-44.76266405301125
-46.689238426950176
-16.702027314552808
-26.556226616546247
-81.15422029882279
-47.51308288075747
-34.5915742636495
-105.47137137521203
-63.00518392975931
-147.07224671548835
-49.97836767366873
-15.736403368578536
-37.654574568714665
0.19295419612821973
-152.11077529978627
-104.41440167483961
-76.92397364774148
-145.84235205462974
-64.49418980119604
-59.18068803450043
-72.13582722582818
-49.57561002375398
-90.59342926965154
-56.00461292201161
-30.864113882098472
-31.880063108635312
-175.854225419324
-199.47180544795236
