-90.60220928537714
-249.17757911398925
-93.56257950868779
-108.95185538365702
-121.42416158738095
-107.51891244892026
-133.78320464556901
-97.04121075265179
-94.18285186231263
-328.5069589809028
-139.96866119213578
-109.54108712907859
-173.2682891531082
-84.38593675620352
-149.15734936883587
-103.79917563409462
-126.55376889188658
-225.83969152286102
-326.54269104092015
-279.49916510276773
-103.23320490225949
-228.73066711709976
-225.80999819802838
-119.09993115642057
-54.615758994026194
-234.95365406246538
-128.9027214554599
-129.68163366584287
-182.86047785222055
-350.8231825528418
-254.4102437588847
-207.21831117483518
-371.205506528931
-148.08059448040163
-124.73506543842879
-290.8992027957722
-147.21072885910428
-276.2842246783619
-67.04529313396696
-240.61006163772547
-298.6836231835821
-374.01553207834604
-132.18006937830415
-223.20215772279823
-384.0702688412415
-90.91599996270244
-65.53778037231035
-279.98357903306226
-125.56801939348637
-140.77829005787447
-65.64335405711766
-115.82892805980687
-127.42294435011844
-103.8369550961978
-56.89139782162549
-147.28883727309454
-341.3844081946038
-145.55761630047292
-433.37542310520587
-428.1220476318669
-105.04355111698695
-98.46238158162711
-143.20976129965746
-302.4535501887865
-39.67546855183822
-130.92320404337875
-330.919957891275
-96.37661948615643
-199.80667083797945
-249.7776488099654
-145.59966094431917
-60.637617150469744
-123.74642476533626
-193.16185863668954
-115.55968848108935
-180.844219326143
-412.3329608867542
-154.9861437756482
-249.09346898867804
-101.1160108514745
-273.7926203534191
-153.00513589021253
-444.31019179063014
-318.1756470092638
-169.38209816937484
-118.86802687842294
-311.1142566529738
-226.41169286828153
-99.53290325324775
-97.27922119017023
-135.98597645559832
-165.84893709592214
-500.6688849270762
-332.34149737925645
-74.79665157071223
-96.72287674454343
-379.4736480676753
-52.71444363830824
-162.32233018453172
-60.95190308351949
-352.6140748668714
-65.91203206317599
-270.3638912042698
-94.49913184650426
-262.27121607760034
-202.6078306190619
-139.79230618643928
-281.78087848945324
-132.91054915795561
-345.60493174484236
-123.17421843142546
-85.63001093360018
-195.3898409863738
-101.02997089710983
-344.5427155487476
-110.44411868780023
-105.57807009990111
-480.0695020749189
-85.77522522494175
-204.67785322276455
-84.60151138391568
-385.2666488326492
-141.4595449557568
-166.10636900379575
-84.98765574413694
-117.65676771897233
-126.15677159213007
-34.56519897859803
-165.13609960083207
-96.3807266963108
-169.4912615199804
-182.24100932337126
-363.8417291756608
-314.3022049715679
-109.85208933166925
40.00243805742164
-296.7174173427428
-177.979138851309
-145.73106388318925
-143.88831059470033
-159.02938377122348
-157.49450836951883
-137.41581940728096
-68.10432848588141
-65.7033881972221
-33.33733888246343
-144.6589870500003
-137.57549027695197
-189.0310240094767
-262.948865363541
-139.86126094984945
-118.1404251353054
-80.06443454151115
-74.52037192635285
-88.5125814096736
-185.9206052675653
-120.88648710583062
-371.00797143779425
-82.83336567175387
-122.00661811280717
-154.00486258151602
-374.12282357024174
-307.4569423962258
-409.8961601285506
-495.97435148712054
-336.8528326213857
-91.79149688775429
-510.0158559513561
-191.09271346784385
-92.86110621677793
-380.02488973565295
-136.33957914755862
-291.1903107759855
-198.1623654343715
-46.62493880288161
-152.53525902764164
-92.09135495865203
-114.67941171663243
-148.74195100133426
-156.2445926839361
-109.41466993768809
-103.59962291993364
-133.1462245626353
-135.30804643713842
21.98933349697002
-193.080151035718
-174.57820935236106
-95.44235908764013
-89.49561958194604
-123.5155627412136
-280.90398207013914
-166.98899337459846
-177.83333187680944
-320.79641674357697
-153.30746943674586
-110.28258815383153
-99.40814423556657
5.174385444546772
-89.47266757261238
-95.67831124208824
-89.70029390001783
-344.8871277323119
-428.774168234197
-70.08910204061942
-144.39295498539394
-180.69789658814156
-128.70505104508442
-73.71207194524047
-101.69037925514944
-222.72821865045887
-342.93372607176946
-207.4335121488805
-64.24251292972923
-118.24446952120113
-119.85841922377449
-88.62086919698106
-163.42657675906003
-177.88446119355365
-167.7626015918848
-69.27681690096935
-173.9055992544943
-91.1189905909933
-408.5449197767306
-67.14954885331574
-547.684955698237
-110.24656357101243
-134.41613173429533
-162.73987500018725
-124.98501129592506
-60.521910777361065
-97.60436714714274
-119.94389595008164
-209.4158939836561
-75.17031001747434
-45.82779759294303
-239.72027744837243
-165.83554306543542
-37.124485389447486
-155.9479913034805
-112.34634107542783
-196.63892255144043
-36.8595999636991
-303.3890003368506
-78.24038780549603
-91.87582879489433
-122.92203938771056
-128.7456853945771
-304.072902719861
-106.52301466609329
-263.8353687244438
-98.46685855777326
-116.69168068239212
-95.93382810471373
-107.4255075943701
-334.05201222324143
-270.12384138201014
-148.3468809965526
-420.2479379122731
-293.07116873864294
-275.7627163878177
-98.9113670481258
-364.9150570300484
-245.31758602520088
-120.23862662135187
-135.76514535699602
-156.66904657910533
-155.4469370256316
-150.6007032416816
-146.77048627816467
-48.583688012095394
-81.5104347836035
-121.33698456795905
-79.2602632649455
-131.17630872632742
-408.45944593065536
-306.2339732741649
-103.79997207753061
-143.52104134571027
-89.58529806040926
-388.76841774468477
-216.95581664405444
-224.6628036638719
-318.53494183317923
-280.86105143595006
-213.94679983140776
-154.66664360583556
-281.0223382460357
-185.86735970138562
-83.90458880485303
-71.22540600237252
-129.67644607912013
-149.00042348271327
-136.85252407725733
-282.42799479407626
17.76160256850524
-255.91605055982328
-425.18234043323275
-394.0108260297153
-114.09042053564731
-106.44145793496875
-317.68988006998364
-131.83107647348862
-135.10146218407556
-183.2529277594515
-264.15429110721163
-127.93097133355131
-176.2280199635177
-65.99510499562508
-356.4757491409307
-128.85348596020134
-207.5333057704607
-364.8818680297865
-66.54249132801847
-140.55353866760643
-182.7327778297563
-79.10602744017629
-95.7296403018482
19.428044009983026
-291.64575056390237
-94.596782391685
-133.44144567771536
-128.8573638057424
-103.74382465416468
-111.26652716137875
-141.44859562028407
-87.2380372230116
-103.34113249321747
-234.48909732021937
-250.61574180914263
-344.79253168436014
-107.94143642569772
-427.14425782574995
-100.47656374125707
-69.53816907366314
21.005326929354723
-134.60639065030233
-105.7805360427527
-133.59718629373882
-274.2341171966924
-296.7005458257797
-84.72490780504931
-182.00204224323102
-75.88157179008883
-201.4391711228851
-114.245505624152
-280.29322564545663
-57.55131155539015
-217.28326419543433
-114.91185211218189
-117.49223588902547
-194.29858818302512
-211.74298379712778
-120.56953545237837
-111.87654454451595
-126.35638456131022
-89.452425149121
-59.66628646954621
-169.36174275136983
-130.72196647795124
-92.08956767384993
-80.53699841295952
-304.12046368753533
-125.67461458183841
-135.47301691293788
-141.2512243818489
-179.0885429828428
-66.42473725149114
-231.7088771383314
-245.07741834013734
-251.40371322381023
-110.38635445152173
-237.58508916402107
-123.23043484812926
-189.0811458543525
-116.06594810106265
-126.68360875275025
-112.62676552252472
-101.58240649950702
-134.30220789575702
-13.295736310571378
-92.46257063041993
-164.9921789800691
-170.8882895775513
-340.33358743812573
-165.3526292049755
-104.53965466305496
-135.46442627714848
-91.09444962453851
-417.94944470439646
-450.53330991085977
-202.4509841330198
-105.62155922183697
-124.41243522912163
-97.02142964466029
-138.7944285188794
-132.94740683495323
-151.82254430123444
-86.56961557351971
-256.21293335992897
-107.71134415822564
-133.80979027752286
-133.51693096004092
-87.6660855098096
-48.33681799580429
-136.83778282109807
-95.7453788222601
-63.49858420935403
-82.1276726312033
-129.65226434263604
-370.0689176210482
-145.25389788125187
-155.14255970108735
-183.26995250809188
-371.25246052053967
-154.49255573955247
-221.87829727631936
-105.79801963076339
-128.7095751791424
-250.72248590482357
-428.08194636964726
-405.9059892798412
-128.69278380801717
-322.9836119920194
-137.27399889367535
-82.45545281984688
-253.4562344042809
-371.07655121111793
-257.4390502111862
-150.44830217592434
-119.78326856215301
-209.0411336529365
-122.97610830666973
-184.50203188895165
-77.77162233631199
-370.0716983712258
-97.27369438726231
-104.95207049509789
-269.03068031768066
13.123079342024297
-91.07644656559162
-198.92036853673662
-88.70252776860299
-325.50062631995246
-158.22168892870337
-126.36468843761338
-246.6220424824194
-280.7948635969799
-91.56384375719772
-134.5576601812792
-332.27353498865267
-102.96445239696611
-121.38245805614234
-65.69662538050383
-7.011044200736308
-86.01268234757767
-242.86909235308997
-124.22183783732959
-186.01940905315385
-516.2945318968027
-97.19495718721465
-119.15948850183715
-58.49812451512941
-90.0180023669676
-84.62107901358569
-276.42293634710035
-215.67757465491044
-78.85621193158387
-215.28274605570743
-265.1775481102575
-112.03179468304133
-82.03662575660493
-95.61600960749729
-128.7912718249927
-342.29680486947257
-103.65854675713382
-109.28342049235376
-378.10427159996027
-82.38244235253809
-298.55904958805826
-83.18770048041412
-179.63723381702994
-110.81710119277423
-98.70541132763226
-179.28949971195203
-165.88292010169593
-24.531207726488105
8.227071845445437
-252.25825999783694
-84.69668727644202
-64.61404142197952
-155.10511084657784
-265.0538121928128
-23.300052545778556
-386.1440248297803
-262.23549535134816
-75.36764147925219
-77.84298513601763
-180.95097663400847
-127.5077685370866
-148.6796227754001
-209.22105590426452
-98.88757536178217
-144.22309959517577
-51.04946163984209
-94.00793923524557
-233.60404782420744
-106.06156597763884
-91.38282651721988
-30.624826652893447
-139.1415903216798
-293.544820252172
-96.33621015749779
-87.12308670408393
-184.06086534312098
-102.33991183334469
-93.33288485002251
-228.59044160711758
-258.65532498656455
-56.25017026225799
-210.22661959302872
-125.84962672234346
-55.92447683274253
-138.403090729815
-147.0688379135056
-212.40889744243614
-98.21280728654638
-175.86281920946794
-166.0282122690126
-80.06006151194822
-126.2798164747221
-366.5335730916149
-255.46663400411202
-87.26788925330312
-249.9582057836057
-124.37981611763094
-156.39637410261804
-130.72050473366485
-377.336088344555
-124.84649398256491
-292.0095754047039
-140.5458825400691
-87.14850285924521
-122.9152376765401
-131.27775003434476
-194.06533149261378
-219.54753611183224
-90.75486248456407
-123.72771746257413
-87.34449902707648
-117.57921687491863
-218.28635031470372
-284.82096398723365
-219.02021185170256
-88.804654481318
-188.23559419891356
-100.94287422627885
-139.17140109483506
-85.378034904719
-110.51339947507157
-134.2718765158485
-124.58426680740293
-110.56369264324864
-114.41515389991557
-252.18650170065814
-126.13842707870309
-283.339851225072
-139.72552239593182
-127.29571125205524
-98.02841599555201
-131.25788144303527
-154.50430030735143
-202.81027398358913
-332.0060794508756
-213.34555231525627
-199.61898735411262
-127.51309048788718
-185.699990987925
-143.26462362838961
-107.45325163175642
-143.45818418430224
86.58805799276357
-292.1550671759622
-118.89992087020573
-88.88088627279005
-250.08777353091747
-118.89907179669953
-67.42753453581565
-161.27902019083945
-114.21473089858952
-225.22077957129056
-93.22096297591756
-164.73079999159228
-135.15095989809754
-77.9824391212876
-212.45497806650832
-75.72860854531889
-310.094035398468
-82.73998093970323
-93.6126638733988
-128.65226721875433
-115.32723453007223
-115.37260057346684
-47.64546240377342
-311.81626471472475
-189.61137462082024
-123.95775386938199
-138.0486649249351
-99.27885482380304
-206.407812959257
-179.5768881433323
-143.88213492002492
-157.3943237891291
-74.01207471357635
-6.793020325078459
-67.09237759634652
-105.52947785106343
-42.220066252297485
-195.79772602962913
-299.21033926984484
-63.673303903670096
-76.66520193960719
-86.79475065800013
-154.13142007796375
-133.52887025788976
-243.22269157371738
-257.07202725629725
-47.52311989324791
-103.10669407119904
-97.70605581353986
-102.60927166912309
-171.58986273789787
-100.1310171373777
-464.65260622275
-109.92529170557721
-107.05393126434704
-63.139266743654886
-96.91208889023488
-114.26149297618778
-101.7589488461843
-88.82705365679492
-143.50572972567323
-10.95399642734327
-121.44277487799039
-82.72982135556938
-61.499934776821924
-137.03252372780514
-191.61269062060245
-209.8147966720121
-327.3761947916274
-104.71182824219227
-149.7469783831326
-245.09405679671357
-316.48175641426644
-74.56891117190148
-77.14490763648602
-155.52139285670373
-112.86618284890307
-108.21334902694342
-116.06654648177411
-87.55129766381752
-112.3301600644584
-113.08947538111082
-145.95951937394656
-128.82981087702956
-92.82147293107208
-95.13932452512178
-110.46812280635172
-145.17831439062712
-138.4962604890123
-112.76745533346573
-106.62091170475082
-148.64107030518406
-124.7859847330647
-208.10553443866252
-173.12699741435824
-190.42137123666296
-169.20021176085925
-101.13934502343443
-80.17799273067054
-92.29254980599089
-75.13306946585985
-67.99114057207441
-77.33669936759729
-127.88493617076182
-77.77103190687339
-68.99371724013571
-15.222703476371692
-182.28971768879723
-87.37741929769268
-97.60709799500418
-417.99393587876443
-127.21988271183201
-94.23527397966541
-207.31815429685025
-87.69023491996568
25.524843681130214
-99.7128470526714
-155.50035239189268
-175.9714066988555
-107.5249768534598
-87.16032631724603
-77.74926568471489
-98.50753674727527
-54.22113400913594
-101.98932669755487
-115.82566660400622
-105.61073098979018
-36.28086473922302
-91.63157097205102
-109.07648513253828
-81.58753053415032
-80.2690160073301
-69.56532040354568
-112.5348788960969
-359.0369620465599
-99.98119034754363
-230.52678583243244
-97.56729138896168
-95.13506927019358
-89.76817719155392
-77.32076845366143
-90.3657973596284
-210.89269823465963
-101.29204733896887
-64.59175506155799
-120.3060314562482
-81.0152816017887
-91.3942563319147
-174.18012864487957
-96.96846519126976
-5.241091112880385
-167.34753066060415
0.63536661796374
-91.51461253351118
-181.11261075558576
-373.88632667073784
-88.70071919798234
-154.18740219855937
-205.55699851493853
-117.1723387452722
-126.26350086433138
-142.52091191673037
-157.01674025932095
-141.73188174604724
-158.22108633399736
-106.32309797363702
-95.56917536189141
-115.88141205262178
-85.86200216772967
-72.34978479199012
-130.25320300877308
-108.75179671323178
-98.88445230439908
-86.76399507893896
-278.23970676936415
-187.31557826158257
-151.06322167263139
-131.3575634391716
-75.52453536486657
-113.40776432891198
-110.92939204401844
-168.16733352722207
-173.90238514675917
-116.17704528781462
-93.45732945971037
-66.93740837473479
-51.870691389559774
-139.25356023113113
-134.71361073440738
-191.5448219209381
-110.50124865988444
-134.04359692113943
-171.94294215771913
-127.04077839480374
-109.30676847063384
-68.9388999881094
-86.33683069000246
-195.19195674932794
-104.16896659082104
-90.68893161978785
-166.94759846403872
-85.75316303456255
-149.16571967852624
-103.24088214827364
-90.26665882952254
-84.11571242723507
-101.35289919670136
-203.63497690548837
-131.3093059851486
-91.87752083965012
-52.00550320653785
-92.44098335808485
-135.56488256740772
-76.5346598451653
-77.73334606740754
-69.15641759908564
-142.56091376264413
-206.60484782574028
-86.86994723052968
-200.05906927886957
-132.56889300563898
-96.89809160577062
-105.58185957483427
-77.45719745832288
-89.69729068510112
-77.53379985370499
-104.4580798648511
27.704009506923157
-189.95240036263482
-136.8057179996956
-122.46224787624509
-170.6516968669671
-103.14653404305628
-148.65748030493506
-150.8680026267824
-172.798223499527
-54.13144197654053
-82.40258014958845
-122.19606409912959
-140.51541502678185
-62.14187747569248
-93.66685566152324
-112.02134295362184
4.070958439421341
-97.76686097679985
-190.15946397237684
-61.33472423379853
-12.208078214352795
-269.52545224305
-231.32201441566167
-232.86038354229782
-70.721113098417
-143.74756107970683
-102.28973881513441
-166.35053771863844
-104.59742863979612
-117.19412673513663
-130.89560623987472
-103.02035781698982
-105.4046764177606
-92.70104370522166
-226.97792698934578
-320.3639713870738
-111.9038203933811
-240.2440604802073
-115.57642161680651
-111.01137379930964
-100.80610231714938
-129.812638497242
-356.49157382245215
0.9988445945558198
-87.10048943254162
-81.97144830169097
-116.51861720219837
-127.51654824934758
-77.20331317821893
-113.8740340918956
-159.80958986855057
-104.01447499267208
-59.786696935887626
-185.10940659182555
-111.05507820837644
-128.64822179808385
-144.16109548109483
-190.02449324965602
-107.02253757041998
-150.14833771276628
-105.97806531674811
-171.55799721969612
-103.84229070314595
-100.66872372049724
-184.62359788251015
-149.8161689923088
-243.52196001244207
-83.91222304048492
-136.20674595886055
-51.560121527908166
-88.30510346429224
-12.002531438065205
-117.05327469828279
-117.13754528195895
-121.4402108784564
-101.74731790456778
-114.68971509154258
-88.03201227016064
-113.74281148275351
-117.76598173988667
-108.78290888809434
-92.65500926854445
-108.87868811663974
-456.7191952295815
-73.8540367916973
-177.92539630694506
-101.74698319331367
-93.08501510250001
-128.94482009949263
-106.98956971349094
-383.89495583429243
-114.96802728607508
-108.41739594423858
-110.78614184656999
-138.8371968557122
-210.20721981249164
-117.76547584666157
-176.74900644208344
-119.80109731627611
-127.99352439895799
-122.75010335327565
-219.8041277686968
-109.1651678754947
-82.20546254615215
-106.04323866332363
-53.70207144878361
-90.75218893650697
-290.52434139628815
-72.03520695267098
-115.72116792704296
-72.04992784001595
-109.46670397658285
-172.7717941023302
-123.01576178074535
-143.7231737546912
-132.03671810330178
-91.92171609323474
-114.02055221311363
-69.10297692898227
-84.69031661663595
-154.8755391011192
-108.19432940011916
-114.68430047779201
-73.34257034273014
-120.15256412602069
-151.4301942033061
-150.25760265413263
-73.74983439358036
-142.75201041010996
-91.22461466867156
-78.05153096918326
-119.04615985544703
-127.48720882224215
-106.48064888868345
-268.7937179236406
-78.95474893307338
-76.77178202118674
-107.46295786128519
-67.82605182730222
-112.60153146367632
-136.32484102478537
-200.46140382456082
-90.05017021530007
-61.50837810231508
-181.10751504805455
-138.8276303515579
-100.50824820673499
-138.94348508667477
-120.02375240239982
-94.05290841813219
-102.81635600364075
-113.93494628007727
-151.27251664466743
-120.50588261815113
-80.49330396500298
-135.63101630311084
-113.67672631903329
-114.63095710274229
-157.99325915946162
-66.08153448250492
-106.78745347489803
-94.7869392836164
-155.08351450335198
-70.69269076900788
-146.2114630141337
-67.19381849995614
-121.81207899903872
-150.57149230457722
-135.87572233106619
-74.53008527607074
-122.56528422178204
-84.11004273348397
-61.267621157249636
-109.4975349447809
-115.71839893105374
-114.08282951025548
-77.50319480696554
-87.40484965440724
-222.6857402392808
-113.83208984426673
-137.47633621801194
-217.1569735746607
-120.79866818207111
-172.63860144905703
-138.21761453953138
-132.50314675270135
-82.34141567451667
-92.69854855013898
-88.79122608849694
-104.64793003055537
-102.52405572163113
-142.80474300823036
-236.76422789162984
-107.8605275195338
-124.7898308796861
-27.258679375770754
-137.90888702882012
-54.025755438559095
-123.45617175515952
-140.26533089222792
-92.38514445999678
-111.04226526836187
-80.21750309254628
-66.01203285230191
-141.96840985325076
-156.82675435816816
-38.72184691731477
-156.02889355117088
-142.6529180969263
-91.1555207334177
-88.03051751897767
-140.074399078012
-101.69120211479611
-124.82048421442292
-117.89088177784585
-119.12025144415801
-230.73777817797466
-73.27832306651294
-106.29928502935088
-113.21715924424565
-147.46172558016872
-49.068486259451255
-83.45866902372359
-229.37737711540066
-89.3179167760196
-67.6087989210763
-167.5413266721853
-126.08539497789965
-79.86138512101105
-152.25621582486173
-99.6689168769129
-112.2908945782413
-92.80294825189893
-96.39211941872787
-98.51570340016603
-94.08821207183826
-169.20095742783397
-125.44143998358375
-122.81443055416035
-134.00665576098947
-161.64228326759093
-100.98708891953775
-184.4622540636813
-314.48158554899396
-80.81005440976033
-80.53638610433998
-100.54927827018886
-71.99632558086266
-116.94450978773023
-183.40381022861783
-92.8343907864389
-143.43950417409297
-230.9805804372924
-79.2710787270306
-105.32201625140593
-112.27085840090494
-116.71156088179505
-138.02018808833895
-111.90743568713049
-146.25713912326745
-111.57674497834402
-136.99032549827882
-94.41039876851016
-108.38347979926631
-112.98129817251584
-62.31605009177906
-163.21563550191246
-112.9343699687478
-59.56178042636738
-191.33637296131747
-81.47904806861933
-120.92675304537075
-230.7459456595392
-91.4202416013807
-84.63032420447463
-73.8873168988322
-265.94808713970747
-138.67878846579114
-125.88504961486285
-128.41345606195395
-130.24415279051973
-172.68612478644738
-73.57122942276558
-133.10461311704194
-100.28636254888228
-72.23954483733658
-150.40996673270462
-89.60289995430853
-164.85442347285667
-102.82424204855991
-147.99763863811518
-99.57542091867496
-136.10595025223415
-99.08358305013421
-112.82947961756955
-203.60073161498747
-145.91530437280642
-168.51552332403344
-77.09867132878739
-135.81289411881204
-112.94567090899267
-158.8413489675836
-81.4399497773859
-151.778834946646
-141.72283504940964
-101.55500311375764
-134.73320817526962
-107.30047481457835
-45.22626547872443
-133.8701864197476
-43.9098697738842
-282.10107094975484
-113.27508417736037
-78.25051550866631
-85.94614031560528
-170.70063924984967
-84.05178929193461
-97.45205630410868
-156.69926427478416
-130.31899423332578
-82.68579331917044
-139.89870526539272
-83.18999926361217
-129.77785567954945
-140.76880902756898
-150.7564456217358
-129.0958486624923
-87.75276977345793
-81.01124610847091
-111.05727910860824
-88.50079965208032
-87.72004885870376
-67.34866323187804
-88.15851920502101
-126.52852911044138
-89.6107668993732
-120.5742610603792
-109.64182142625872
-113.56753477379692
-122.94990069217303
-116.98008430525368
-77.27107472638565
-126.9101577024272
-77.68874371063174
-89.5476814523281
-113.10048442763738
-88.22917575425649
-101.86145519065605
-82.63774149482805
15.62952863303066
-94.04852915726111
-124.92248072879062
-118.9531967025597
-99.21017617677535
-200.20863636315866
-126.49290147294889
-114.65807814821827
-109.11826138083495
-172.092109331311
-35.35589853628413
-145.02448754807298
-98.35149287817129
-87.76583989613442
-137.22425411376554
-78.83186059100275
-137.29592403681002
-135.16096439281472
-125.35817880259233
-161.2645771030397
-114.24157463927496
-131.8863054488247
-106.05202835188182
-109.37571026676488
-118.8680733640416
-94.39984463568443
-107.90788014895283
-103.68036655381543
-177.85883919816192
-95.93969700185033
-124.5420907894278
-114.65858540229564
-95.36562509087034
-118.68740216411233
-104.35301643078516
-70.81007105131161
-108.53419487059637
-133.14962107966966
-111.39934314188193
-127.47007577629711
-134.737777355719
-73.05132078595038
-125.57872409851032
-160.28596771274903
-122.63585944399696
-122.51455223878095
-114.14158205582447
-120.18443345850775
-101.98311435075459
-134.43238452361004
-105.52738915879702
-52.78197246376145
5.615749598727717
-100.35216811913983
-87.22465984279903
-120.60242924806346
-108.43312602029634
-91.62615528919801
-108.38271533331566
-88.12615127172924
-79.82966190187466
-153.2918354997448
-91.51327480215254
-104.40253132742959
-147.80085378302846
-101.84240799786525
-116.67628626379619
-77.70000571746796
-120.74808167784731
-104.3339631692947
-180.13894672006623
-160.35621344349292
-149.695600639055
-107.37776760151644
-128.2253272724384
-205.70794669153582
-86.32811758012674
-167.57978358632747
-126.5863576860795
-113.54742343091219
-156.23366078644762
-207.160022478112
-98.77923770008637
-133.0748106687082
-115.8556634935795
-75.5121346085377
-114.38313453692768
-107.10074767396853
-146.2321727907614
-75.93636638511356
-135.95830256511607
-68.65114634767627
-143.00391824820187
-135.45524761424582
-105.93205572727845
-59.29368201441627
-152.8055516335757
-96.65383323214195
-106.55075438308333
-154.67974747029302
-72.20101664317278
-117.71358495867491
-103.21829228537479
-125.42281807779946
-96.88700312090342
-80.15524197187688
-99.05905433422981
-146.90448411073305
-100.68094825129478
-102.87307261362264
-129.1389765610094
-130.68758701169878
-111.09220811730532
-97.76243530354412
-142.4655035562542
-261.35635884041767
-79.05210123459992
-111.35900903881858
-147.99869551431954
-152.51225243497927
-140.88012282530585
-140.00214607894753
-111.07533976561568
-86.70534694443984
-88.66040767692435
-138.75251653663844
-290.2098877388996
-131.50680202048784
-97.81440867907781
-101.69466483803441
-102.206387931421
-84.26954098135387
-139.48184105963708
-161.3250520791631
-91.97883366570967
-64.44262611570412
-120.04968752669393
-57.182440666977556
-151.8961954139689
-140.3067174362015
-157.75352205618927
-110.69206834505792
-116.90322317544647
-235.84251136949064
-84.78895669074164
-65.97983318299256
-64.55809345806301
-130.0881537598322
-141.36358080873563
-100.93701084286624
-140.25173511176408
-105.00805642576923
-47.193579320992214
-117.97287799498761
-50.26453902456014
-65.19265788132668
-110.6611286212051
-92.66160291320172
-100.8585110705985
-103.86384679372853
-73.2476489277245
-155.1155884314918
-112.97680862005227
-110.17853861965438
-117.30551293671148
-77.02993586749591
-126.92384707979296
-89.22205311211016
-92.48277098026036
-82.0353375400872
-116.79613923674756
-118.19895265996722
-77.91275321606005
-121.7668293052678
-123.36931417153963
-120.26494101160829
-140.4884582569319
-80.04521809860441
-115.54574433015792
-70.09662631147538
-71.11182890718698
-93.493216071073
-156.77656869927907
8.145706807884949
-101.5806011393384
-33.36546501936269
-122.30072680907891
-119.57709328755698
-64.64429843158678
-118.7374934260685
-76.80671312669455
-143.53220642769975
-164.77748423071597
-114.13771009022292
-138.99535064171727
-145.6012113773578
-69.21606572485067
-103.01789119141887
-84.81239694679877
-108.40864223801196
-106.24735646883799
-138.6235876206302
-88.08160730715177
-124.83003813751888
-71.60826750669861
-213.62621682205776
-217.22796674303703
-110.39671805306813
-93.90664446693943
-79.68064300728979
-150.08842932439566
-116.23134282423436
-111.50361900025672
30.142163608314405
-95.13127443949895
-105.48276497208363
-130.1189814616919
-63.31749551276066
-96.87202406062315
-109.13795235622052
-75.55009043505153
-117.1566655302408
-113.28082932453046
-84.52599762697106
-148.57953513293427
-88.67572337476453
-121.51831757053469
-78.55581226470512
-93.82793212744757
-85.76333196326597
-129.9502623825031
-120.87414866491734
-203.73744071926023
-104.07209204086337
-191.44230394231366
-93.22907994570467
-17.45540670685972
-80.83144953151395
-114.64492207696611
-93.27615356674794
-133.76331714379165
-100.44109008644054
-112.71466056593329
-266.3286805540245
-121.99243741076758
-121.51566230037403
-168.97345791491108
-164.0918098544982
-59.18318565837535
-142.51531420063
-186.18161469763828
-95.74526882407717
-77.47424949094051
-132.42262594864536
-98.58777039496712
-16.66309993512763
-57.56351279234948
-94.4663365244097
-135.05269755467646
-156.83776504732276
-107.81175225040022
-185.4249542038089
-83.7322953612987
-73.13626011393968
-91.20361734663898
-53.11931882615596
-241.15930395010562
-94.53481488962282
-125.6574313313662
-132.298273575644
-150.35593666882602
-74.49098480180986
-103.45804141253693
-117.60372888184344
-71.62572132906573
-63.52709199982688
-167.11631337103066
-95.03257705171684
-84.18744819047991
-82.84949136946724
-70.79592745017298
-60.724770563919314
-91.82770137568576
-94.15186205832417
-79.72994041503833
-79.82229582238847
-147.28447018822672
-107.36774079552569
-143.14440668839768
-111.59927766157675
-91.51131541914465
-142.3093674928634
-116.27473002795594
-95.63043475476017
-117.89032890286485
-200.1587409923857
-301.94348688344525
-121.6562578644938
-97.74528806128002
-147.05629513525432
-183.95349678546137
-56.97927360161998
-120.45390393874666
-163.84120344486504
-151.83550112628967
-117.54142387933558
-133.13770892195453
-130.91153582178205
-82.88676937255494
-101.75684079242944
-114.86260009098932
-91.89606723932873
-94.2310754737831
-119.83339403346699
-88.1993969559945
-110.18459522948943
-92.89277419520714
-119.96071756688647
-189.0168234743844
-65.95897692828193
-109.6876667475192
-101.31133248641423
-63.68868170788081
-86.07078500567515
-103.63356398638354
-98.43885314350514
-132.65849504627175
-35.75512126235941
-111.76127296912199
-78.92002118941522
-188.67503232195747
-192.8993233201381
-94.42171283170008
-74.73136381084291
-145.66570098735787
-116.01789877776334
-117.91895784137884
-107.59147042063155
-94.93892788495982
-199.7632309193695
-100.18136463051232
-115.78142458889444
-106.8819655377553
-116.15878988274929
-96.17121688023009
-108.2391623448428
-122.63629031362463
-106.66779278433832
6.909705202513166
-117.9796468504803
-88.91748899209446
-88.62074250124857
-104.2221299138384
-244.34142490050849
-148.93487001105916
-93.6915313309677
-80.93820660093493
-78.38128033405025
-83.33817169666992
-56.78094922809841
-90.75274754064264
-74.64210076976511
-97.80781875712636
-41.062329250594026
-108.06136429081941
-81.20892067919574
-48.233127468309895
-139.22549356472933
-113.70944784278468
-135.7717537051684
-89.18157141194055
-51.5039452799362
-72.20472584765253
-76.68641854413289
-107.49518115046631
-115.70944163745304
-84.7385173947458
-92.67835367760387
-96.28295741570165
-157.82668086043464
-123.23961182069294
-124.43067239692107
-92.56052363656349
-81.98079968546875
-118.44000266575242
-89.21820834149516
-103.36593741557972
-69.57108758314197
-186.9510607051414
-110.86613180452945
-154.92326032183792
-94.16091081141198
-128.83102767863176
-132.0618609136241
-58.733614302728775
-141.546664184639
-158.69104205203857
-116.72176380405094
-121.80595912446967
-80.52644131244949
-144.5571524306677
-96.86114563941139
-158.66760715587304
-87.22256679928728
-150.212686005038
-93.88417793323887
-119.85234733195642
-66.17251038921967
-57.638166384545706
-144.5936694928617
-88.41875030307304
-87.54370783776517
3.2327554316039624
-145.10016058555146
-103.43829165970524
-44.554585077998134
-67.84283773927396
-117.99074596383423
-87.5003103636731
-54.63215830423941
-115.88113124660276
-89.94859428152868
-119.3607832877276
-104.26079559785417
-217.41365395112797
-169.37288733251353
-86.03748986632473
-102.39387133879954
-94.6577775294877
-102.9754239430786
-111.14885725480883
-149.3829342188469
-73.18680579084435
-94.17241039351227
-103.46213403416562
-100.85248088738255
-130.84356296552357
-107.94794678709069
-106.12277992054956
-92.41533154377657
-154.64858655742205
-138.30327078616375
-90.02802132289685
-113.52757677295105
-126.08124714210354
-102.85860101171573
-106.62177501254045
-74.5790348481129
-115.44979363630927
-82.45748407334656
-115.55375910785816
-127.08736626813477
-38.591716402175486
-132.778846396127
-112.72415248906398
-106.16086466228882
-131.9966466661221
-113.26112655629571
-77.45927531768058
-113.57840523278654
-125.72682032145681
-161.61168570783366
-136.4865168077817
-115.94606672790272
-125.67921379263883
-80.2201264340403
-92.64476299458511
-143.44136331572525
-58.67621561757463
-59.693743774214845
-78.489372689518
-59.52040186539193
-140.21061232125868
-63.84723470654124
-95.86131957731854
-98.0423490066018
-93.13506899294603
-109.61301038127078
-41.41970086771501
-358.49645859024304
-309.4704078776772
-177.69865982754297
-97.64805584600906
-106.25157436910435
-82.80322627461845
-100.55059540040533
-79.27649920367433
-116.87898236763259
-230.18843719689275
-101.42475603286553
-172.62483257523147
-122.43550063374366
-88.18608093588065
-103.28303439275669
-91.00668284717915
-94.93191719103893
-117.3111459166267
12.838544485424976
-133.11337725825473
-188.82120469918397
-193.13260289344106
-96.48083522387175
-132.6043739678679
-84.19921387970162
-77.31422528388762
-149.6577790797626
-62.503114607501075
-90.78886556374098
-128.21355493713605
-113.96975198378333
-139.66701043980322
-142.9887550090061
-116.29042657109999
-73.87962326890917
-108.7944243385306
-102.90672357227824
-14.459387983945135
-122.17230281016826
-128.81190380433583
-68.146061053143
-122.48613054193459
-145.8379486643717
-86.91671256658233
-91.95344554421789
-137.5527981343416
-106.07280796385217
-81.58111749785712
-123.50286700393968
-93.2850373081314
-70.74212473088296
-81.74215806109325
-84.46435393784824
-146.6037725841084
-160.48239048730397
-71.64891881201638
-73.7580540243147
4.986850411879587
-115.06137355808674
-106.75247205774768
-113.6474768917129
-74.11078979395334
-119.04381046408594
-83.51990546217041
-142.04653693441205
-94.42261762564311
-194.17083671183408
-95.70907959252342
-116.81098514849346
-109.86573477485025
-88.2974178556676
-170.3968672202432
-92.51002337826691
-33.04680982561737
-161.9398042357892
-122.71212961788106
-81.01763594928934
-82.38945804000991
-66.89152379212794
-91.20159696231575
-98.20153530679328
-123.95848512237859
-75.31763602337514
-114.37762440810982
-73.02510627945955
-72.69044339377194
-119.55491457409923
-191.77696082554507
-88.15737240037228
-165.84461916590038
-114.54288262015307
-116.0698856837463
-73.79871035725134
-149.30245855746767
-67.84218258032055
-100.20552602673398
-153.53342378879103
-87.04346111473438
-64.09062312418631
-159.01925941536823
-86.51932988236963
-98.13526174481596
-140.33189692798356
-123.8296284000005
-163.3993973828268
-81.76149239082237
-109.20685226409773
-157.13814618238862
-82.1773548818829
-95.40242645204408
-143.1273756532678
-59.942212917408064
-126.09647200786694
-69.4873046308523
-97.10336735681167
-92.13713233712927
-98.51926126808593
-56.11608384780622
-124.7296290362108
-108.65400146260723
-98.52274639456022
-70.9553794170875
-133.25559060295433
-80.24469892242254
-107.24675941843003
-114.14723646385667
-68.7631036678622
-232.7797939335304
-81.01728884546509
-85.9814709067676
2.2942736393467413
-64.17520025386779
-117.83654811007243
-39.174222469958224
-115.70306438391414
-67.90721738279572
-70.80227652962671
-122.45103298356528
-89.87536103312523
-78.2699623354577
-64.76240434726193
-104.90529606757468
-147.78150581951047
-142.1273463226116
-215.8176855934052
-83.38965730343304
-71.0287932633433
-103.38329100014741
-109.2323983815681
-179.1895164556297
-68.53531956824999
-122.33813985486583
-54.62294168420658
-126.06679065699569
-93.2387247418765
-93.2651210260307
-145.34664958104605
-113.65164647552628
-89.91229519723211
-168.9753802426564
-115.03280315144009
-213.73615379526734
-86.16300446506511
-99.40351173464803
-74.40831938583676
-76.60230064823921
-83.78527755804441
-153.92283253671349
-94.06601503079554
-129.3466532803045
-90.39992032347271
-197.301619537285
-85.5034970827184
-101.32725951604715
-110.48254000750349
-90.93130515686417
-121.1571661701619
-77.6428677880115
-131.02243221540934
-65.86141903862767
-109.54546586860532
-77.63258917316017
-184.68687860873257
-107.40662656568944
-151.24925189377203
-74.64577593782852
-97.46877081296111
-86.37658419070465
-75.41006693218704
-89.71819328866945
-78.18584010322746
-87.5237926761265
-110.00010771950565
-108.82911071905369
-100.22952874251082
-318.32716680014113
-118.62667360803137
-89.8828187177461
-94.38623556805149
-112.27860709166964
-149.34324664841162
-130.866656603254
-162.31135679358013
-118.07760950149634
-83.43690151651418
-104.15395444316849
-122.59307379944308
-63.976469201928595
-78.03931336646454
-142.31533294884196
-112.70808955686842
-113.83128059510568
-99.92797516868008
-101.87642921624057
-68.50499309017397
-171.5968325222787
-87.23526851927699
-8.370258342418241
-109.20264084988816
-86.02319045596369
-139.53814898387435
-195.83628464126295
-97.6208406476541
-113.80116163376795
-106.02773207121162
-99.4144626998865
-102.28602684601812
-52.445098928257664
-108.06657337960726
-77.618909136708
-56.31482506060547
-76.53677436066127
-104.90806787953818
-79.16547562360407
-94.37113921513878
-63.025129321696326
-126.78915554322063
-151.51571743737992
-134.2891545940572
-129.8792039414643
-95.72399467221031
-56.15974866912408
-27.918000728728977
-42.059205722316705
-84.7024577942806
-154.23908818675437
-97.50274171679912
-131.48320964050166
-99.09654631955482
-99.03706319740374
-113.67621486597886
-209.8733869128963
-61.126591917393384
-102.73580228832037
-78.84378050240997
-109.83717942584431
-84.87904371160771
-153.4048409436857
-101.39117030554584
-105.4994083393325
-67.58239589375631
-121.4226933250922
-87.23031795114345
-79.59501459464519
-111.70983080840051
-118.86835554910103
-98.82322784881664
-147.43745713719812
-72.32721593338525
-84.63956345901408
-74.65581518126709
-76.66528072166916
-102.63559937045807
-152.92038502139917
-178.61238174215424
4.707743964211289
30.276726919838552
-143.9534532694267
-127.08793573904492
-103.98702044882383
-113.78211727395502
-76.50304340065611
-67.32129289346351
-113.23736976245915
-86.34404013335165
-162.98116653040475
-59.116848191290956
-92.78246008088298
-114.7728892500551
-48.97440653644783
-73.48082344145595
-46.318538667672414
-68.37134358992544
-84.3616680293479
-105.73658336219997
-101.4279162118757
-143.22906622855749
-98.79878573857795
-85.03914163981585
-163.44004215917542
-109.7119580981086
-115.87844378883877
-88.89521975055735
-87.3932942749113
-36.525953579357996
-101.87800248950732
-134.86541487027958
-77.85612378811169
-28.106396714169946
-263.5456145268861
-97.29612104923572
-75.16122317616917
-91.77040390907517
-56.94290517133528
-114.47928180438424
-87.75709781039693
-96.98837355341026
-55.64284792140202
-91.9896339340796
-58.4643571383543
-152.27354153508725
-87.54932746907325
-95.57493692162282
-307.2944108373896
-104.29252692513751
-95.89560316249846
-68.85021784277967
-101.87112121156592
-112.52870216471597
-102.64700665192565
-91.89545376009471
-178.78101663712124
-142.21934393356992
-62.286435054989646
-172.28430765663222
-125.98660219967618
-85.74775923444709
-97.61889194397135
-57.81692964482794
-80.10987182253822
-69.77941086172927
-161.4076597821879
-147.79353418855362
-98.55823726874804
-229.35214642208274
-120.52927715142859
-101.2547319488147
-115.58124824235469
-122.30737115970554
-141.33820841848603
-105.50140305281819
-111.46093310161196
-49.48013496727485
-50.820455586454
-93.41181441438948
-102.64639021031977
-35.68209689520576
-155.9158454498831
-146.37834485867586
-79.6305270661379
-204.16239168603443
-106.58231593284265
-94.41955177175569
-93.7315209980299
-145.75697846911294
-111.98707122356625
-90.57338418325676
-72.01750763057919
-94.6694697407912
-84.21774251285277
-58.497084192721495
-70.26104611345914
-83.21788783959653
-88.18856378561516
-113.4670258621139
-86.67998605250544
-53.22774661035078
-166.36334725476456
-122.44768428070039
-81.10589491962627
-72.13501130183408
-82.22538251904538
-118.38487534427144
-129.9971411561927
-100.88269062953377
-90.32131207039038
-84.61118464297255
-88.62201401172203
-88.57822454315536
-78.35496901790157
-64.09787518495529
-298.41066128416935
-92.66101439712038
-12.243568402823485
-77.73739427597386
-108.63173320245653
-68.33482562468029
-48.36972389906158
-56.216724702929106
-116.83179000105322
-54.333583590599936
-74.2127541065656
-66.57135737814522
-106.29846060635096
-137.08279457269262
-80.55553334258614
-119.8564113747127
-107.69682771643494
-83.95984361717244
-129.6760982943084
-77.00367358273353
-109.14471621708006
-85.33232786948336
-53.829208526272616
-84.83495144023223
-142.26596573025438
-110.43869366167645
-28.039099510178474
-133.73962238511695
-111.2135882624091
-104.81535516278196
-73.51213287404367
-98.60516300109066
-102.4923664042404
-79.91427528591035
-118.97948223873458
-112.6528543432582
-76.0635699165067
-100.09154758147845
-91.2060649921851
-114.66693942044812
-133.93679623751294
-57.0190564376051
-199.918546727818
-101.57350744631154
-85.92959570617569
-101.44595277437696
-129.7501060341917
-93.13913394989358
-88.66480323561694
-96.83750758487363
-69.22630915269474
-100.52132276630552
-104.78771897837018
-97.32198025731444
-99.93245460055351
-174.6982093854699
-64.60357433469835
-79.26552119317431
-87.53315216290298
-97.14833581698677
-58.71209292635881
-149.69383223056008
-98.015438078441
-107.02463388437425
-46.35870357315339
-62.32212028328509
-94.41938900873572
-88.07865862978943
-128.72250998087713
-68.99212388101179
-126.87849080585583
-77.83384357294617
-82.0689525835869
-125.2406286056199
-126.54896732432363
-71.80503088409012
-121.62781027599314
-56.86646116917931
-76.75010822800186
-81.65585502797595
-100.26913430716981
-82.94150045627285
-119.8676073477003
-71.21336901332441
-102.42704481689582
-192.23669214901298
-108.82640222711531
-83.24131215079356
-106.28527588214556
-55.4606688352755
-142.9821249236182
-152.2965525832169
-81.01263217064529
-92.8586267120527
-89.72574623495257
-126.80544699033635
-71.86615342569533
-89.44117429246356
-77.50359114887428
-79.74189723678306
-84.08713090109785
-86.38192152129213
-96.55573437237153
-105.10491091665386
-105.86976740979954
-91.84844710525782
-156.9220057421451
-72.599794184417
-67.87934100941749
-84.58097377942029
-57.13381360603603
-105.49295369078486
-115.25782664986119
-125.34174240924608
-105.16885488338309
-135.4706464374106
-94.4924702094035
-28.415083255208742
-64.82122959821154
-102.6667800334265
-48.98540974174319
-15.410694859825043
-106.23429555804242
-57.3479965924232
-73.12269087937706
-120.26835471087485
-62.57167343104741
-178.41875948685316
-52.74688898983835
-102.70609406896322
-104.446975777104
-100.07396219321151
-1.8520327168543744
-54.58977849289401
-134.84643150214603
-93.89058830911857
-123.62221107178938
-79.81767900292482
-57.704273295171
-114.53597894762275
-84.18081202166964
-40.04610640566879
-94.16832141197447
-135.78280508670684
-83.70149925455404
-64.08264593440477
-34.35721862530771
-89.93699208251289
-116.90224518251935
-81.70081735439116
-65.40196053357651
-89.80369840874562
-98.34813310000739
-51.933655595366986
-79.38487146026188
-116.60418414037268
-90.7316923819885
-88.37963027110203
-90.15682012065733
-73.10847116135606
-86.23373127047041
-99.33749204209403
-79.14454590524758
-71.00472173368307
-102.6320098485186
-121.07095234360673
-84.37397377922167
-88.39537802471082
-105.044514689418
-63.0150170223742
-75.81591472928018
-103.91991318195024
-11.387335061429162
-82.38110354185415
-13.561136366838767
-95.15234980697485
-86.21445829436557
-153.47302358772976
-81.89259727636176
-193.18263157812208
-140.90682951046102
-91.58239507342424
-89.85257098293627
-112.12133230026036
-69.9851754591282
-94.41874796468713
-63.000614910704726
-127.7692057222728
-113.6143297350661
-63.819289337507534
-86.05434220264492
-57.747609615585084
-71.48931926462441
-123.77553393737047
-133.04350118855461
-73.99512983392349
-60.62704039559867
-82.99500030935317
-51.65239515064518
-41.98303442182409
-87.59445725197638
-86.94646147759352
-95.84808570891934
-111.83596619550198
-162.52236839293886
-105.73400621201974
-78.04043209983641
-149.82868919676406
-140.1144245588406
-11.907586310332057
-109.77806943913463
-136.55775316354692
-97.20285330221871
-48.87812097938797
-35.73244527395366
-67.58306910890576
-77.80052336873118
-73.02311229686171
-49.10373744852572
-61.54958919274852
-226.93801729460972
-99.77483362304339
-104.09428478512434
-130.76611796105664
-60.792463798547956
-112.49331303075468
-87.42561776972896
-119.76410053342863
-66.16916670529922
-225.41190071715886
-96.26089013872905
-84.49898737354664
-54.0595749157811
-88.17319990607592
-147.83413675610097
-120.24227341569477
-83.37881089909429
-37.75935137287889
-141.880002751614
-71.21973253988476
-79.80207707118235
-87.83748529205452
-27.301457816575905
-81.30710055000304
-99.75400044178839
-193.13301313407814
-96.64276323723118
-120.52674401759141
-125.32690792014239
-106.61621454285029
-215.08747859496881
45.673121447407105
-78.37392677411128
-74.58136284218598
-46.65265142843285
-113.53952190820382
-161.9109956339824
-162.7952589781735
-40.60361178675912
-143.51310710418812
-91.75434737674397
-101.24954437729622
-88.79648821883697
-91.66962226270677
-114.63480737790758
-70.66252455107903
-84.50517920741916
-116.52844399423975
-200.95766458089224
-103.07436136586571
-103.29426879545157
-65.39725834484328
-68.3660922369056
-50.52863342497301
-94.25762101452601
-56.495418297227616
-101.79173936324732
-98.35647342509792
-123.13549820414627
-90.26187384109099
-108.89983133390244
-74.7658075068858
-90.85686519936534
-86.28640739598751
-102.61761975895104
-37.72503973675188
-124.63579877171671
-96.8489405185749
-90.46294669112308
-92.04840772253652
-73.32740785766276
-44.17538201937091
-92.29783838527446
-76.20865897368047
-117.53610863646335
-66.47284711855772
-191.62979004778492
-101.29606290337635
-283.08433632970696
-130.02802495821044
-55.956305394969654
-60.54732251312802
-109.08451865101793
-90.7252961469783
-46.83939008581765
-86.1183644757656
-33.26304046640739
-95.9311423364862
-82.4513662645486
-120.2993311892023
-54.74635645725375
-186.65627489635563
-136.37013665044475
-78.48595446395532
-83.15287091369295
-83.80185636933777
-85.22912319268666
-156.58586724269657
-113.77777464810427
-83.0748721708996
-107.60763929502905
-72.13235654663015
-93.83457956124428
-73.8772854001028
-100.46744639220992
-72.97383925419666
-54.37062223334543
-105.75428900712505
-91.57452546793584
-73.36461155545372
-58.91691225497538
-93.68097822175184
-84.53947963744301
-75.35785131380311
-69.98588381988887
-67.31142370697626
-103.75709935530737
-68.6995632720295
-72.31626219984196
-64.13835935572342
-122.28167026847822
-78.71898487698441
-59.1597896546284
-85.61553780486992
-52.24557132486696
-75.2869156094519
-129.58846001079218
-126.05953925407579
-89.6945860882692
-131.8725736965788
-156.81467576949308
-85.16905982239062
-87.97421401095059
-48.788329792026374
-104.84399131513592
-97.79318147963576
-43.346638186402444
-117.74848042874079
-54.1553252183803
-78.51682634914557
-60.59255686769185
-69.95583808135369
-85.24397267748103
-73.8413113437152
-69.60026345866758
-138.61812710578778
-75.37421353383709
-40.77689653623859
-56.7433091527578
-51.30722062911558
-144.78171188048816
-113.47922579124196
-70.05624330795715
-76.24393888286059
-115.67817984265362
-62.95322839977261
-39.00458289768438
-121.76780260191568
-52.19391132764038
19.27159243152893
-97.38864227816562
-180.4228210125786
-69.44779619304884
-126.5853431030871
-125.09986732923124
-40.12112473099276
-92.24814184484563
-56.25230369532217
-31.82651394343739
-78.36972975524357
-121.0290611005789
-34.834140072950426
-88.783531905403
-135.94187571833857
-130.7356821508696
-147.23576851681526
-147.94737796370762
-122.62945421393904
-20.38346461293986
-132.9817085487037
-65.90002842426927
-83.37815558552731
-70.8188575637095
-153.08507688855735
-42.49423640829022
-222.08174616331806
-33.28054506477628
-154.01797968809015
-58.815748302341206
-152.544009882259
-171.2660231671029
-104.86170329496106
-80.24274766637163
-97.74531261873933
-16.542403032986073
-47.71433536545077
-25.896435096613146
-21.064205506934258
-93.54863113412245
-62.13661881622353
-58.78816182033328
-98.79433258803266
-124.23170484533206
-92.54060536159196
-108.58106514243276
-71.94932144858205
-25.509840964357792
-111.70745777733285
-80.15803862124409
-143.33960538178758
-81.30303626293258
-96.01207998691318
-117.03380733696963
-60.14086931772299
-53.791028986825395
-66.53692947270898
-75.6428459377682
-71.00066884308973
-67.97986099093163
-55.88847441480578
-117.3431843494105
-99.72555881152252
-80.17747666584341
-118.93004868116905
-25.627374387013518
-81.35916715969589
-56.99871904503714
-54.027601970842646
-69.59963612555623
-21.270304846560904
-58.45103613479253
-107.02361791945825
-58.021162163230315
-88.4462250624872
-46.68915052596314
-193.66026337207046
-115.56047840709824
-184.38907281716632
-62.4094670062001
-116.38868471054903
-165.8388767732666
-74.60672359268597
-24.84279942566462
-99.02229238882678
-50.882529362971354
-27.453375168331505
-71.03527853540058
-111.73259738888342
-106.35457971127124
-40.37600308549702
-45.99430366740493
19.923221331153286
-134.32089961006633
-88.94171484359865
-42.80998880617444
-319.42547159025173
-66.95912528347061
-78.36620978539261
-48.49490784691954
-60.36735089674086
-181.93170276467197
-86.66493187058529
-23.350096958616632
-35.29270123716982
-64.75533931548836
-40.0876623516439
-56.03112385164082
-57.854243141026565
-61.556576618021836
-85.81304512606093
-91.52089554048402
7.5467494717292
-56.066707997204205
-54.810678223220016
-48.49129847805476
-179.12091331315708
-134.72556764103354
-100.66660084082294
-22.195465130224147
-18.406386231989906
-112.73603799977512
-80.88047562055965
-147.65264347404317
-8.753952907438318
-120.1605073787498
-78.89468333797147
-96.47930473519784
-39.913561401996716
-35.01251802146521
-77.20315919077835
-141.31655468288196
-87.4900909754064
-30.693302451948327
2.817457020922644
-40.05679355176452
-75.29745187783283
-78.64218843935143
-62.19406586175375
33.21927915235025
-35.89783422224349
-80.83767013645473
-30.189435252783312
-60.28176589143569
-87.62052140727863
-77.01509204475677
-75.35181932960748
-38.01015511012865
-331.65586688173835
-101.09815538453857
-80.46725243356912
-56.96738922819566
-87.08590337183178
-19.757090333050073
-62.86680006754632
-27.173481521475594
-194.38668077886078
-8.663021662384793
-199.90065707909105
-12.599834650534675
-57.8299980725844
-18.827386505059707
-83.60890457423777
-91.50668231138383
-56.656135615485596
-116.05051400968044
-35.47677292821186
-72.78414404360538
2.2282664929094125
-97.79290426841992
-18.87337270959398
-57.51195677248322
-32.34714443835714
-59.631652422447246
-68.571745305476
-46.32076733289487
-19.46443118746484
-121.26752994079678
-90.22765199053822
-107.93976845408265
-34.08961824275488
-92.23424792075382
-97.96424222173684
-38.83118045511953
-79.34658857439393
-55.52007282587242
-83.65270994800585
-65.44074918603525
-58.47159055832342
-76.0596951420604
-125.51054755404469
-38.07008395898207
-20.00504467555669
-46.811401869273006
-107.17801837072113
22.354419664469503
-25.274867385225804
-65.43236470328723
-115.94957152772216
-76.0997690610065
-94.79675537243274
-13.178516692209968
-128.171727952963
-90.82419264780616
-92.01402747645405
7.290476860323864
-34.048551827183005
-76.85353192374443
-88.22436025609636
5.108509078206822
-90.15362533360971
-21.170635907778234
-33.785614264719854
-92.97764343258876
-153.4261242100518
-35.99446325214842
-53.49443515563098
-13.474666299108677
-52.076770590336395
-200.25924039517656
-117.27893556854094
-85.94773236647544
14.75844346700373
-10.480512292477556
-42.650557810932526
-77.02634424798936
-143.60848834361187
4.666493805721521
-65.00374661534724
-166.33792478089282
-18.6710149844307
-106.61825131949709
-81.80291946391525
-51.80956105958917
20.480056069940005
-81.92862995355881
-11.20158680982339
-35.167302671745816
-208.24523408107746
-85.57938083688003
-97.57314959314145
-175.45661252471277
-113.18240139012923
-204.07118580619988
28.908739432581594
-65.5005591962597
-43.0349844371824
-75.66153428820171
-23.332415018118965
-87.02469796855264
-47.366460382835996
-28.814741957513064
-64.01537513143691
-64.77234987767181
-23.01524834257273
-24.11771167637214
-31.72686266845693
-106.29746263647813
-156.75119013958675
-69.02275072808885
-47.75449523169465
-156.65792059743205
-49.81825845677687
-103.62553403578625
-205.7538653596415
-135.38568652107796
-0.23237830654105096
-6.939586494664837
-35.27798282126297
6.8255473507161355
21.092654216956692
-18.603641674414654
-88.54386845920418
-157.14581106645733
-63.206665557701655
-216.06357696526388
-72.78959760425359
-2.9278748976014004
-56.272669282030876
-184.77647779470482
-76.87653123188994
-141.24419642380488
-206.91933341626188
-129.46205168227064
34.6707178697898
26.935010932114643
-173.97085085251496
30.06066554407797
-98.04314325324367
-49.444118009041226
-74.79908564729543
-45.665657093668045
-91.96498867049723
-19.224732086585817
16.546484201543283
-0.7638488368625218
-20.02367745218406
-25.935976158424424
-85.91252335577161
-66.41881655944462
-196.8441563651495
14.840252396290623
-39.47178408955641
-8.578126737229859
-63.85066763472221
-102.99448387760185
-103.3081929817026
-99.71176660931489
-301.5383302327911
-154.28577748675968
-130.42105290743729
-161.65643873204402
23.000030813372025
-140.11780341207248
-57.604277477267516
-52.13468732396662
-73.38418374877894
-66.29303625847768
0.6039010189347067
-32.60962983235639
-54.57475728910215
-54.7269375752051
-105.12408228138443
-45.204948279246594
-44.17885981761969
-100.51457818151235
-4.106613664798132
-73.95429249283568
25.016825182294838
-108.0716461157894
-211.33788895309272
-13.450215959817903
-76.83636048233235
-32.160990218384796
-174.7772947113278
-95.02797160897221
-111.50860223489981
10.890347772818686
-118.71961270138218
-122.28318667691575
-197.89975468574784
-41.85219692596241
-34.49788439122402
31.054560192856577
-16.41000277481328
-23.215671987192977
-30.007670665608828
-21.402263925129308
-75.78131926092317
-14.650483891519563
-45.71633108030569
-17.61986224262988
13.480468269674233
-31.745143448423185
-145.50158585713564
-99.14824089975704
-165.6619244328449
0.13311921852452713
-173.99375963959955
-99.08842296002025
-263.67453693962943
-211.53036357810026
-236.27681299747834
-164.5049525716982
-40.425147627448574
-27.321412443654545
-199.1662866021469
-228.87123079673177
-6.975429190975852
-198.3490220333443
-63.42830104661559
-190.6071398398094
-133.83636974774402
-101.29943177968674
-39.04303292920579
-80.48196060254149
-43.88040638997826
-90.56078069942168
-40.49239271464636
-188.82854649169417
-203.7264102329021
-178.6510485946967
-16.019870141245633
-76.51766724767214
-85.25074408528329
-119.24372155376119
11.152063066281663
-174.35204651513948
-25.2434007100171
4.36186469020069
36.034883800102264
-309.6924954738625
-47.51589768107301
49.3769736591138
-200.00996921234588
-185.5876541769474
-49.047677915523956
-36.82959985855854
-61.86368969551809
-97.5116104927983
0.07272161506745789
-33.63809448120908
-256.4908304334618
-84.56952425924084
-59.61571341644207
-166.71316513531667
-199.77056225102697
13.36511550639722
-33.85909694813607
-79.36120966680147
-36.352746176572516
-38.77050904551407
-116.69356195017329
-254.48616320679895
-114.6110602683279
-66.10216458136523
-173.53099682583803
-52.15305955732645
9.365895917741547
-199.1517953630772
20.24662574979083
-146.9576115247035
-129.14528867388373
-77.57058487893755
-75.59811127679649
26.43574098089323
-130.50602391630562
-109.35924275266363
-108.07983720713112
1.1194961954196785
-81.02569924304379
-42.33925548754782
-36.50353424807136
-64.02466963437273
0.7831264880942115
-23.41442641069716
-97.49775760817946
8.033632963660509
-105.26012994123268
31.255958308819046
-39.23845331718911
-35.58046084071718
-198.51213951509854
-115.05223689601686
-155.74434165503794
-111.83596984649996
-292.09144697441894
-76.256708758588
-269.03411665428814
13.182018201083078
-224.94599732455376
-111.50429334592542
-69.92513991655272
-69.13453510173927
-71.89988643227011
-16.50507505420198
-12.45542556808482
-89.59990544673215
-70.34608037723225
-141.85825741107408
-113.95526859533317
-57.73934434171959
-270.73168708378773
-218.35213839164462
-10.139448200027033
-206.2132472428278
-21.870577858739736
-183.8297956565968
-336.41656725862657
-201.9835214834654
-11.912322429172917
-95.37911086623835
-23.722179352389638
-59.955777617408145
-38.635225429629315
-56.67148717608129
-241.9132803149695
-88.03206772114972
-134.40515413884748
-134.11645435289924
-183.1042890989743
-81.68577176659723
-50.625591391857284
-181.4139023987767
-98.48789543598586
-176.98282606061002
-191.50469409456545
27.784900355356186
-116.83263067021234
-239.14015664164035
-169.75443211194928
14.663704057735131
-73.53022697441321
31.086290443080827
-147.58468323607093
-11.731156016675143
-290.46165854510343
-108.76834994966913
-152.81349550929917
-46.57253163020316
47.00603203544377
-100.24151966624832
-103.22178915827797
-40.45892407120871
-111.8539485696494
-63.64072027676052
-217.2893946709934
-89.32948004740106
-102.79874803496035
-263.89565054843956
19.22973050242134
-80.63285723571319
11.807893262559205
-133.7720417177372
15.076399219738754
-75.5347273545274
-52.75473829392891
-134.1940300276066
-9.273195300459832
-127.71489688178582
-133.1385337446004
-247.8133054182727
17.07124940570999
-12.320714874110415
-1.7205840587598829
-36.841172711250806
-171.99222071665048
-51.725523632400616
-152.83693296483366
28.515694042987647
43.71634099097932
-132.37473040773216
52.126350787967
-102.0709068747355
-71.04370762151596
-106.95547490529785
-150.16924677340026
-244.09861212027712
1.115172031867985
-215.81264694237913
-166.21834017585695
-56.24416693138918
-258.8276412222606
-324.4636948433672
15.843194795576466
23.18173244153732
-146.68578479081214
16.44791155514289
-195.82378094273224
-13.961538907416926
6.6362441258504745
-214.67252950075138
-148.18834913046126
-167.77534619598242
-136.93610659486367
23.635684461262855
-47.80509670321372
-59.66373729911813
39.491953342560905
-171.98246315601116
-155.94272934692984
-121.56890057565025
0.12159800790681174
-5.208306621895673
-201.91532635812092
-71.7663902742631
-155.25078025801034
-216.66449438330602
0.09052476143953925
-24.869114330443825
-147.28400444205337
-152.09172642761493
-250.74765145885976
-48.59112647058278
-157.14711997893497
-22.94899436175178
-76.25361529093176
-52.62129775589799
-219.47113973420613
-134.69480790993697
-41.323091260348946
-187.7054350674336
-126.13438597502105
-51.687653596268504
-136.78435195588585
-42.35526125101935
15.320112660965137
-57.60904224934265
-10.133055363481546
-174.46816021289058
-17.605721142482018
-102.87530147973824
-202.74548967025123
-242.12185672995085
-89.10675535806554
-230.0076817269014
-116.79531570327876
-250.84131837277252
-174.97231451353525
-190.4576508880194
-124.9459651642163
-124.46482317591304
-72.59408480384222
-18.950406074842014
-51.68939000864876
-132.97758603952502
-79.52441503791059
-35.2660192328828
77.42735046208654
-92.87004322668406
-40.41741646867102
10.06137719819808
11.482855129460884
-65.6262951545782
37.89195933480643
-200.97095540188627
-79.51758793452393
-202.76027214688526
-42.97014306544089
-84.52715372011176
12.1764730564581
-19.608116590363778
-24.55288968620414
-35.42087865068832
34.034339124933
-24.77624109678257
-54.23180287325691
-123.3918840317171
-228.85465818727818
-86.46485381189274
4.733931247793706
22.02828233193594
-35.67022382090542
-176.1356866330756
-25.300574799511622
-2.2436385742104363
3.449136910511154
-57.02461247628434
-147.96610338214867
-23.98780504598085
-225.49280154541154
-212.40916278318886
54.73636005685965
-134.1709222281904
-91.94096074332764
-3.8739964626580274
-89.89252735047299
-141.88496968886582
-65.83266964773802
-201.27934663484808
-14.436686509207377
-61.25510052513824
10.881213088856839
-89.51112480194537
-224.42178412485927
-161.77029914815273
-160.5846113584288
-10.840244003944747
-161.88254464554942
-283.01639255644693
0.6486403822949427
-135.59117273065812
-186.94475986031938
-83.97921015183758
-7.043705601094047
-183.01819519477823
-62.53704240525876
30.541221985946237
32.37190592530379
53.41700069873818
-20.827205818579756
39.808384894650985
-224.7558852916933
-72.33229401012278
-42.66814912279068
-90.57474882504792
-35.12007231119895
-41.09854821882257
12.90871864126592
-215.6079479864618
-24.465688972882106
-7.257338372786833
-36.543560148734926
6.446739673890725
-63.35097273924253
27.630094341348148
-53.67730101605237
-1.7885053671304263
-66.12004979511617
-8.098444428740166
-1.351107920899814
9.994309450350386
0.8762039526276482
-181.99391727517866
2.536774384456592
-176.47572920224033
-39.34792196429005
1.4111658808926126
10.86698447794636
49.23913372969248
5.059486285329221
-116.63571316895883
-57.678632669523395
2.924571219301562
-143.98970424341795
-42.24410504588376
-78.59539787677421
9.889962191903308
-110.79559285195283
-10.534816673725398
-51.28034828562082
-195.36941287115948
16.28972620265438
-25.77362866113708
-15.981032208832609
11.500041671731708
-316.7605179078543
-23.76818990569366
-75.3114677909735
-28.162900924019567
-13.96359970475416
-3.4150874469786556
11.015252193241139
32.44761085907295
-55.97871249029411
-58.108497403137115
2.0438943266869174
40.33869853048418
-116.64048304360884
-231.88847569536912
-52.24698066842355
39.86248292740191
31.21361158341523
36.33463145854458
18.282531962272913
-92.67552157818712
-83.06668347487991
64.77056687299572
63.14548607672843
75.81452294951023
-6.152885575243914
86.55009970490457
11.811545833911069
-198.17896287653844
-11.31098380214333
-32.10290227068843
-38.593907401518216
-38.737885755762974
-39.27902241120269
26.075827755877313
53.97331265535662
34.24676460423868
4.86204708857764
-29.191249273459118
29.47515153429351
-50.5742178442874
-73.99601481812302
-1.7900882635811115
-26.976875819768807
-76.99354546433665
-195.6567016066553
39.081122472812396
-148.088379268454
-81.18858776699595
-13.56381446335778
21.232545555537286
34.3422576556965
17.239176310595667
51.07251760664714
55.06022160504098
-37.979773663212754
-189.011879725052
-179.79760626117294
-25.61222508663279
-160.98061950657387
-7.005926178313537
-59.10160237651702
49.31600490640442
-28.024173883381486
-127.21421620313512
6.357684689786211
5.278994356322563
16.54066592056877
-162.60678628731247
-60.29548153785118
-41.19367394470261
18.067904648372348
-15.316606221643916
21.970821333016623
21.79307370896825
-16.07072834774782
36.36332375883205
-134.78858000977226
-109.54078796770578
-195.06479760450816
5.572442455637599
-188.3744685231086
-25.107837777184372
-50.51256842054052
-95.65004853180314
38.04895151514137
38.629972296855684
60.81716990165114
55.235336959878296
-145.62690744319912
-146.0402393971347
31.03369687286262
27.177537160150578
57.846885354668906
-44.137392172521615
42.559346729189926
1.1575613726296723
6.305026875532647
50.93631376683659
4.966580098980643
67.72704264155175
46.72058365217168
66.96210857507046
-2.144542876546751
79.92179537176455
10.289706681383883
-23.238068057454953
-37.53503440496678
58.41543367624824
0.18805189152722335
-12.235183352580655
12.96705736156673
-59.73813812750753
-8.807901744577052
24.13763193749928
64.09299551423229
-97.5363536989889
79.8128366257268
50.19772038651121
-23.106460073151688
-66.34360928637011
-76.06419925407923
3.470401627062941
27.919736736404765
42.35301511812801
7.771769354464119
32.043981744065796
28.973010354059227
-38.334801850208216
20.10936813114205
43.76604483578666
45.938650670372155
41.00037879931607
60.626718095244
41.14688850717201
-2.1784312208813787
-12.44889322956493
-19.14612844301521
51.83473360268772
14.925289232958221
61.66554925859423
-81.2663805788917
-24.630956053506544
3.388539518860455
40.72314459576213
31.09373453438974
-2.494768618734099
60.61172696725362
-108.60399344047931
-8.86977473734224
-16.350870312758193
-41.20819860499054
-49.62515950526385
-9.784836265838493
47.32834978979375
61.38088823397207
51.729342055687425
38.25616317459986
75.52204761789443
-57.897851568255234
-28.0943566066548
35.47501971751182
-1.676467992496633
-207.69520490698602
-18.889684147294464
9.12762349156695
47.87670507209674
-186.6962121271377
-28.47965675909775
20.038331057954373
23.83494138535302
55.30967822590111
-9.724732125670254
2.1632446021241325
59.71953815259284
9.78369737026221
64.52383747671246
13.281586015035089
45.711284577987726
20.236491539001563
9.348977570784143
14.306201395435673
-50.44943052806153
75.44873824128028
-48.548491140587444
-284.9920393093563
41.99515969871003
-6.054977392517101
34.62752867796393
-20.245843073318674
-14.371039432082839
0.25463362489512065
-8.0914703596832
29.41683861063407
1.872272653145771
5.819419589857298
31.443016267447426
-32.61171814223545
0.24156708527778648
3.4297684327231224
-34.9674272834784
73.10349219302981
31.177491122820058
-36.86237782919174
31.495232610471128
48.89831902576158
14.743068419258243
-82.42879044364368
-27.5227105431457
83.00387950931926
36.183133104741586
93.47600463392745
41.687340671239056
85.55298020116629
54.61068830399943
-28.999967275346947
42.04838420958677
34.121422084012394
49.20814896220791
45.580534486256624
7.615237089897697
-7.7774489306384
-34.211870488808515
8.403524243165293
58.53584266990932
1.6943054812114582
41.931312387137126
30.68019163295829
-5.604907059190367
9.909353013364196
32.658118117463545
19.370986024178222
0.802755305225844
79.31608280859501
28.38710564585263
15.367414253339586
82.1979251079405
52.87753433671227
53.318505460011565
-4.852151731092135
43.070665010786506
-31.46798900157639
56.70729948843487
65.4756460908027
-300.3374782255232
66.54303956649954
4.462875340438375
45.153940316720785
21.441750602059216
13.113879096241629
52.752166264483634
54.94485197757261
66.84915698417261
46.050123691484714
62.73017164489997
31.54186386663723
11.298799120909166
71.72521030242622
-8.019756717849319
-11.442825226011994
77.0902232111115
42.83538574231393
0.3202273499574275
21.92805104828939
66.84778653153049
44.80455606603768
-234.4102996578079
-33.96844385549157
42.082212005077004
47.69267816025422
23.71751123722015
-12.999507260970944
81.07605724911703
74.89760959087344
102.35911445694609
56.04283991174643
92.72489288377791
85.83526812402543
11.324532057964575
83.31827218994098
10.10501138016781
110.53479866128122
29.389644335855074
42.58690278095685
71.84197871454741
71.75509996324618
73.49751883074538
93.72340328182908
-22.027363790778683
49.14067590889101
25.4768853673623
101.67076742197074
7.447641522304053
-10.825511599626893
-9.786574942842819
35.86593538902234
-4.05213530142742
7.396119824985163
10.389215640103856
72.3253031132063
32.09771283832706
67.69316137076355
63.788961758438994
53.34006952706507
19.666076151039544
5.2927459135285915
108.68072853573383
67.52323670188909
8.078316424209866
73.10521186213224
-110.8640040561693
64.50549502996336
63.57626226374907
-36.797387367809435
57.825957786131745
79.49765605554757
25.95736894992261
49.15434085807579
-54.71824506575082
69.0205240848338
56.82690976820524
27.060433737520015
45.57697927754799
-13.257086698008791
28.819068081062923
44.34396841413525
74.85412681967469
3.5016643901485374
39.521579699665466
8.78913147863637
43.58735827618269
-175.78364994093104
-28.0606629127834
103.40554339678694
48.84710497942376
38.65995348303374
-1.7508389997754392
84.20223478127133
89.70496071321321
41.50883500414817
68.30716711322913
64.82625653406886
72.9873897528887
52.28544066403744
51.83674335400582
48.60597338873766
63.72275630498837
29.227397534653335
-16.160579678317724
17.842989253471323
41.068150452071066
57.28665021958822
79.85662634002445
19.81076056858656
48.25599696211398
77.12652498565618
24.559522200462084
72.87068667889342
65.31280412543052
25.76974427364368
73.22001205325174
113.88750962460064
63.108485668556966
15.00178677267105
24.888030047780276
-14.841221040263136
79.17107441650533
39.87038592209473
-110.01993258331754
25.26492948793691
45.26949280199386
-8.448840321637547
79.93269241633706
-35.21885196904513
50.620885644481056
65.26137867258082
31.932201651367436
47.707128625494626
85.61069598591384
-113.53800047042795
57.65948698582525
113.30188191204118
64.9532230658269
44.86153001277235
11.909898817740427
80.33956490022895
-19.671196897130613
37.77635946590049
69.96538949191742
74.90237075652507
49.0040888454312
45.31806448999782
69.92399105088549
120.23330810249135
32.516274047649816
80.6722971054452
84.34702551030529
39.15276057561189
69.1805496234417
107.60320617307528
103.14085994138236
-0.5413962841294335
67.80356524254051
2.43175954210259
61.337284521502426
-0.24405847236676692
90.59354589387387
89.3127638665344
88.01941439559266
38.81066628888611
62.987290059959335
84.84885498922418
-95.54074744716125
112.56206533848854
55.13401999446988
29.201041886520002
67.3215705013939
63.177043454285354
100.80804182142688
53.94844259506009
77.44410983971548
-48.91152510195853
50.065339139340985
74.57437007650664
43.59406722201038
93.27239965045368
60.00835633113036
116.47003377535302
88.16549413886426
138.72605535951453
80.2049289100442
92.82907581306046
92.87306359286924
90.39780974327758
86.60308600157674
55.09883748111653
104.16394753891991
87.11037552662229
54.35453892677664
-28.620310806119193
120.3428936944736
70.51765992901066
84.24597050217325
64.7316929482221
102.01411390894441
55.92861975774393
55.56028788898621
98.04457970710993
44.73149816184764
78.7379676322872
35.92359480631094
48.589927272413064
68.69196965690617
43.973770189938065
56.84914925961374
84.97729502659308
35.27761451124969
75.0672071000543
15.432248562053516
19.9951209640833
29.47084723629753
99.83193498249159
80.11991869454062
99.37742862426404
97.84371813466554
57.09467913472645
61.49053255013227
82.09937597732801
51.2771448858692
73.28587695836359
71.22677503965667
45.24016470297767
81.06394326200447
55.82579010831569
55.7536661426882
78.22119104378562
19.055467829454997
4.468004493548364
40.26673244965585
38.02840184817154
74.52314707184473
130.06101621149787
102.63083944633152
89.0003202350795
-36.43497903623333
75.1328600943723
17.990091561583284
34.219794750492696
116.31497897729503
91.25644669580095
24.820518388845365
48.18174682389012
107.37927057589718
68.9396993512926
117.3944938309667
60.93107525420025
74.16601170530038
105.39321449346131
117.30039134114173
13.670991901608353
73.02985813691511
-54.294404052552125
65.20385311524878
-4.809403878118218
73.02415821896625
99.38359648051893
101.90846475750774
72.05175354133698
32.22994484477889
96.59617453175323
102.35927613277732
105.11952539833752
117.24639826624826
-3.6428502437149746
78.05047950997468
6.911151774469246
27.257688201855817
102.79257257604651
73.88666256314414
90.89890733403371
71.43086994683402
104.47371021239059
111.68774970704084
7.529502298046367
40.78472041958885
32.37796629557663
87.61350639299744
48.64477336138391
91.95092255245133
64.31497420853576
82.49278169430694
54.30028678587901
111.74174344183406
126.43888543506118
55.52463632958496
-121.49957127154366
-9.133426129505139
144.26544355655415
87.42181165823119
30.031960448493983
69.96137113136749
103.74416643809664
-137.00786891351962
91.70018688966076
99.7429035155493
53.58162960127666
107.80762529099752
2.0366898872331802
68.31376648566271
31.088309818281346
-60.88451857029358
101.51811468859006
68.19431365752581
33.28787491687285
78.7952937085069
54.48777958437878
101.13314512642205
86.65303059897886
113.86714014261446
120.38762625530953
110.51484018408314
-170.09271743282181
124.79375738505472
74.82209903543567
94.20963195783779
123.88623229717459
46.04732475650165
50.807016472349446
9.581995955724276
57.908817213889506
103.70578892991865
152.6009419225945
44.44365441823804
110.13176735092088
85.3817114522391
22.039153677513298
125.2490247743014
68.68833720185685
100.12423231527733
102.52959602299063
-44.34440564411813
48.44570052288047
103.3956086512232
81.71209115752842
74.81696643414917
19.893256336089678
49.648879270590754
30.993257128057977
60.039557184409084
-15.7588449646357
73.91430590327819
133.9954250687539
161.028867306516
76.37189741551589
70.64188263174749
98.85590109049053
108.09558236668721
81.0984127895399
102.90215104093544
147.96826005349985
138.65141402804036
-29.623417544029948
-156.13409641066278
83.39396362015718
118.67793746002776
54.72388783024746
110.10637568734127
115.81771610347184
118.21323191697014
81.40506825900165
129.28671637395428
87.24889247324825
99.3390609476611
138.84469383809005
27.862506799492678
45.993801763569195
68.91832073981318
23.507254356830174
84.66088636650083
101.82785800821179
26.60324339572873
125.3947023515955
93.21021298390846
5.621536177978541
65.47204030018261
93.70976439570457
54.3223803141485
8.435354850174235
112.75421761022497
45.68774374684603
-180.32194318034655
61.39589957608266
76.82052488372287
97.567287051654
67.07250869643323
101.60374704861879
132.78288310016018
68.39316749612165
122.4790396377159
88.05785554476137
104.09572861203587
145.96383531546712
44.66294674037141
-10.568387629347313
24.72979490791874
12.463729695606489
86.41487779282193
111.98323505952692
97.82150111913154
76.75340060581915
116.28247779219075
99.45081933533449
74.06656729833921
26.301975610863394
124.82140846395197
143.00317365061548
100.09786183414481
125.10802570865624
143.77880271444914
163.8340563122969
135.43669208746442
155.77552476793306
81.44490121188305
151.67612230911035
93.37672573046686
111.31104549128298
137.2973180139362
98.6528148348194
48.85570879964898
80.06665305368033
127.75457788908051
125.89750458672525
26.32203175255546
106.5359754414062
67.66113666807752
92.17860255830625
10.735278364614999
144.69670789877887
111.18069392961814
105.65644861652758
113.35049706954003
96.52556703449284
106.1553027238947
114.90065806422706
90.01055243183497
79.16365080605124
28.60605889570757
124.32298284166394
143.32643577464222
107.5193969727037
120.20826631460531
101.40915701985122
140.01789865276328
121.56895865495076
130.30861703952834
115.41257073876676
67.2476032426372
109.07390925714706
52.85279907169114
61.52905001524282
118.77753113990529
93.86365429796898
99.84588305349915
77.20413842355514
129.64982314945013
72.34410659885586
107.10275230760595
74.9393320501791
145.77195898351732
100.09620079592707
143.65797804529234
126.21152478512874
115.42102600365266
85.88842202620978
111.9870882524878
124.35837727253923
46.30099778542069
95.19086957957681
125.55068133046922
85.5543360630244
27.554788246289863
121.54230588739782
93.78485954894383
116.16965017574668
100.42427721638343
100.61103395459233
109.73403642824091
21.5815455201571
141.31021680879505
135.93185104223772
123.18818795051507
165.7829626232878
140.6251882032549
123.28729255055035
143.63122632925064
-2.868640351086597
142.0115636502227
161.36891610785258
127.44915560912621
87.8997127403799
58.211589564104116
78.74128001380885
98.78694853039624
92.75256046626724
105.27892716932763
10.478866875671969
-2.545533442404434
132.71137985847355
3.7199707126581245
-19.662806991394987
138.7049376874457
105.23466655274444
132.23300177026692
125.9802634744709
95.81398653525625
107.20053380341254
98.140861206433
47.51975893752761
124.49118767792828
134.8769209527882
58.023890914282994
31.45234687847602
114.8566890277068
165.32178309777947
111.63996165475446
87.34300439242926
162.01325800052467
106.52028751096677
24.550201385328563
91.3405812295829
123.2323342971307
93.33134706821625
114.65603745981737
44.549324470420174
122.78495343744132
66.34308932337734
-10.34701638882703
111.15618953489212
52.97542007445084
142.95646851421253
137.68712979493193
120.85920467587874
27.84464209166991
109.68916630719102
131.24610188286866
116.58913593609725
119.77838516313591
83.22689049089487
94.25453179149213
134.7123586248469
115.72679321973905
116.56008345625796
26.54481103962047
88.13008905716195
119.86811461886106
149.61073498896747
122.0877244299301
47.32050072700636
111.2899333465888
120.86063076555355
147.4226045806836
124.7807544312403
94.42363880889309
138.44965877574072
156.4692825670725
120.85906582609378
114.5377061106848
116.29696482481522
145.63326268698967
-3.40072317281542
116.80094432667289
89.40673968896624
157.97152742285274
89.51867888512942
119.7341887879939
130.5566113124954
36.015212347004656
146.11314564865575
113.94243623444908
135.3924575534007
158.1643586837472
106.83622960117735
104.77343468937788
59.61337828040915
110.81605416871595
139.07332644508804
179.75532573444985
127.89991462360595
165.52691829774736
142.29376143133496
95.49547391552375
148.27213588894685
91.84894620298293
55.004731675614224
149.8719110752657
160.06576612766597
91.17830504003075
126.86781123342075
34.60061142254092
-24.550523464229386
167.16191070639422
165.36464129706525
86.88423438190677
152.66814661589007
119.84705183965066
126.48329515000421
54.2435194325835
150.44547908849205
141.11867625635068
31.582002204761245
108.74670222945412
143.59219303957525
25.65831088907875
100.74836796287643
132.2795185414495
170.41908640348535
89.48799252984315
155.3928634248386
12.797582256999249
141.99791879229784
81.4201181057106
61.118113903363565
130.3701447037121
-7.758508151772347
172.12336906824822
103.88225585478358
143.6698789143521
145.14046473176145
108.31919345481866
150.11827370835542
119.25405292643983
143.43451566376325
41.7406914952936
146.30551728164215
149.63323199152805
151.86662876108358
46.18127262927544
59.61018557734298
25.625314824072916
145.08367149634518
153.72766104289946
111.55766279965941
124.71710813880091
156.52792951157355
109.41105080507087
142.91654492452332
127.9433172481308
122.75083532611853
152.2984188835371
-22.178701893043637
66.30460635969395
41.5058056746178
7.405626432371008
135.17959232425812
67.24311469375463
131.18441506365494
133.13439156429868
168.81879543610074
125.07844538831982
22.271788821293114
146.72857806794877
131.0326476752641
118.40771661867988
121.43841149256959
35.48012382405142
144.85117447199863
9.738708118098657
137.72538008132415
37.42025807264539
137.47868261723292
138.01062593461606
102.98282686780135
40.60358851109788
159.56681850856185
131.98580597661427
104.45913850451731
147.30433122001077
54.59756372990676
152.10027770342577
160.67373945454221
37.5633325934606
29.20452215914477
-12.75902243749212
76.74283260354842
24.61423399710662
147.97511591786218
93.9127889528342
30.055258136880553
176.46283134185762
116.37131147610032
144.12001295118728
89.90596247906228
35.90097436956691
181.86022914489027
132.66739297203523
108.32877177570444
129.4503215029954
151.65022968006838
153.57649038310214
153.0637620914979
133.47987089577916
29.625647290854946
39.960081403432355
138.31444925167438
127.70144354148533
132.2057423988778
155.03913960955208
122.5768115145787
145.97791876816066
97.31392137278156
88.94408084530535
148.22897437425334
112.98421694512069
151.27479465708842
137.0445260887191
145.62166695478544
25.289744115596584
122.4786001508615
140.67780717539074
24.595574255310414
146.96389412226316
114.34324042803769
70.76135525981375
118.13090830778262
108.9603102120864
124.60536495490528
141.60706849555027
136.1620589814595
123.57497943297946
172.0134567003678
118.55545641635595
131.1548439252093
149.37880666185646
70.87001912983891
138.87647228641643
100.18224787177851
93.85914828323263
160.10145997992032
151.62603588319627
166.7645032004072
120.06781288831307
141.22049727324065
143.9430839955274
113.18479024962787
141.3319887240041
12.198811609832319
110.85288613347389
175.14901904695185
152.42453242964044
36.41626306303482
21.250480965076648
142.22567954904483
42.380772647849284
124.34309913019943
117.96515610342806
150.54680097552546
16.067655378880033
123.29776842962318
109.04611184520535
113.749276694954
37.63512201685905
-0.008109495404610811
116.73207084568352
152.7949441408049
137.7954946904528
9.694978991826883
27.52293376854371
119.32935235932479
138.6600478833329
143.1196749458084
99.85442232677411
166.20795067456416
159.57735195674505
125.35982611573841
140.8537196741904
183.39478669643296
154.9812206193463
108.09762830996415
121.87200176316964
122.57765824997284
137.6121986665043
146.5171190705195
132.7728144894276
138.42128393471424
145.47584476505327
192.50862023340693
11.853115123090834
45.163340881836945
124.93613102468944
131.30972303040235
110.84984024787964
4.933825691936605
132.64827203586444
137.86033813212458
114.53734810986815
149.4054219214732
175.45750203362394
132.53625093213574
179.64869986380927
71.05727980169615
3.2728251289998553
133.26777272619535
61.83558780385192
144.69652756870045
140.80390657258624
7.418658259191162
132.68568949333545
133.64203336479468
34.71598841967335
62.52000071830753
39.23771566576045
155.30457154430889
44.60861025946251
144.24365356938677
113.54067262983303
157.6398752165683
140.9452504483351
93.6266170914534
126.18051662720401
137.3255529390383
117.87507966705957
141.51284550650632
156.44103394115672
168.1821875536508
130.19193428521254
180.65251178362982
142.59458118905332
135.0512890427034
133.6641085529301
165.37397252421033
129.00081285606217
144.95414433350282
45.87241240571167
52.365041257356694
10.671620271671841
147.15920092189015
132.5980477849081
159.30572078151988
144.73719716820654
146.38698118154724
-6.8800609039503025
121.34148159781655
67.71143522921221
155.8566134944723
97.31101897521154
4.497800676082025
29.44367722163389
23.096606380487525
113.82825956854856
129.4175643998304
128.95595375869374
134.49223616961282
178.4054122300217
11.488643932928454
114.92708496212784
50.42467040391991
157.29476591967483
35.42842711081933
146.76733025617202
112.68743429527701
128.71173169207762
55.499041089302594
-33.77390463725298
149.41139457472858
22.22820291092158
152.6424120739811
128.91246124623646
144.62781843666684
115.11443986993697
117.72984140857501
-10.33306550890262
16.448447208214287
114.15711836453679
28.311789222903997
172.24759477765227
29.455241811265036
153.39683040237753
115.48492363925087
157.2787412336949
-14.898742339504906
136.73867950081475
143.30741798670073
107.52304035666427
33.26532533682069
32.12305452735596
0.7796827643455586
99.17455984752861
-40.13737178483473
18.541467278941738
45.21686137945892
-11.287147323532182
16.64670537107809
166.15692375576324
71.10232176456103
133.24351200602757
117.10749908038467
28.049699057729825
31.073775115071307
140.44630565166193
144.23307336889562
-11.225660127873851
71.06395390991679
36.7962819817277
122.82777507728724
90.65613644445962
182.76111905847222
150.45128596129493
150.98920739322406
113.19338715827666
55.75817895580542
38.45992715609165
29.655775055486743
182.49314710000394
150.7933912342066
120.45794044445788
144.32857837983275
116.3695621736802
19.29798350261059
146.33902641879487
137.34572722237135
124.35716250534274
56.7838053327369
109.69828187818473
131.967539971584
0.8858863011224258
136.32970220442078
122.66370408204116
33.83143620143264
147.26594599644233
-13.685978472859645
179.51602278468587
-2.9507531555733593
130.22642468202457
145.21311913813176
38.11066696222548
-7.405353439413368
63.12777966424039
-14.54366902021686
114.1494894485901
123.68677223242028
-42.58440478849007
133.44425208836765
147.80332409196413
46.254430394499884
134.70315714620565
181.25677941589962
160.61209347999264
-31.59319179990571
50.207232944562406
127.1353421675279
17.94417373228228
1.3716680129749719
176.65409275951274
-14.043682958747738
148.30842952570057
0.8054760339485476
99.7511164494571
38.378231087523346
-6.573102109566683
135.11663330381361
145.70474614435315
51.24327467391993
165.83213978213192
142.63167828721336
5.781556468095381
140.5635696237103
22.8633220186211
14.267535466914154
136.02222765038672
145.28008622575896
18.125451447646164
51.939177665245694
-19.867926843654146
-65.99569315378838
161.87251166875214
28.21897615900548
156.81030449403326
-38.211002307479575
-137.54576348124365
109.33198169923594
35.37288471231892
144.6711666781703
-38.10480559012327
139.57536186148738
163.7472496339975
-14.021732342463324
108.63069897514832
189.6578391900582
174.852790959451
37.35503460967831
37.76859633790983
19.35397284075877
35.010956894588574
104.72028246700074
120.94589047612399
117.02808929693833
-35.739271787028294
-48.55862180039978
122.7835865671224
154.86296779131047
21.410544970291312
72.03502477030217
87.55245688365551
118.59395915211282
142.13243362052665
139.43090911622082
6.999667379005956
239.82632499340644
117.69764208163073
-36.0748349068339
137.20089667562848
7.493389991447515
134.3305052440924
113.99489754751397
65.15056932763342
178.9844527049258
47.67350875999187
19.14332448369975
131.6871931692524
181.30868674265483
9.588259105464964
25.475234147284112
117.77629660401865
139.86968723368452
26.189508023410056
154.19252810039328
113.90394855247644
144.48426829489796
118.67273658470675
138.3223312629838
178.64522629097848
38.748460988975275
6.2358026589443085
41.376429213415875
142.83870145190403
137.16319516801988
2.2230591035584126
-7.19715845540496
114.50410929413918
153.7231014792805
4.3112157442277415
144.44855385411554
12.282983899044183
-40.0370581660021
167.30851272825794
140.8804177209386
-25.950753487294378
57.16038716638822
162.25919695629972
-4.371973115566135
50.373491913998606
149.07871948180005
9.682881769420028
143.88148499680008
0.23757216479826582
25.76512623364787
181.76723006492813
149.49871026510098
151.9878937005922
13.675753493709912
97.81109511556878
32.67676269144292
139.1933475551421
-3.48126277217097
-8.545457869370878
21.114286200631618
-22.06896193113333
70.48045220926342
115.90954250849828
127.13702229782902
98.08792635689935
177.7987935461117
120.6449141811086
161.84515255009873
153.58498917347788
7.3774308144726035
181.91468757637725
157.92797257351728
158.8308751560659
183.07138557995793
127.56379004436735
123.63058797257479
143.93620132972217
126.42887603936524
185.95477700353086
-20.18414731897768
163.59566856320285
140.98089863046647
182.99372068719381
145.13056785186632
183.51871742452502
170.56151601267393
136.49201274975323
14.802907559778781
158.77725214854937
177.37020595827173
155.04793847938012
-27.9486656734896
131.78321513338378
149.98600274396895
148.3662462519522
158.5214520824929
146.15138582491494
133.84248463551967
134.41442129980356
189.03520045286817
-6.148406341913447
114.94010541510039
123.85943924154111
15.020237479094291
148.76565302697676
-6.297980966605627
-7.053928422863763
137.20878529268677
153.83419751261943
7.933469831882306
146.30716734271093
141.7860244957198
-45.641740022050605
150.22664870556943
145.3840993578543
127.72799835430004
128.3663552302802
-8.0800289288903
7.181101957189028
126.58571549885015
145.1296387535028
128.72822243980758
142.17696671497333
139.21307444831157
35.07319071912836
164.61784439036558
120.53863177118012
-8.917374390859493
125.28486892626123
153.85166602332814
130.3731700996782
139.25726528029148
147.62122143338348
136.16607584647753
170.92832911235362
115.90963582371221
102.70464186741071
65.76218481185242
129.33117520110926
127.3195220964629
115.25312289419892
116.76602196176917
101.51444174520125
144.81786719447516
160.61557057172752
36.29213378215101
124.01051519616209
161.39259428217204
24.32378707995602
37.579581922473196
18.860875320214276
20.81561896601654
-45.6909631457479
141.84703826853422
119.64650971443746
183.03870158244612
125.78838247466894
-13.908331051938134
18.928293797664338
116.00661322817136
37.683304932413165
140.97375313992958
144.74763659987187
127.92304671061277
144.2113789290686
70.94219952621232
94.45948732637814
159.84487547805026
166.18163301567748
144.26524811972538
140.49887681196134
115.72632530129944
126.05406651610411
124.40128944541661
102.77870354243132
153.58681240341357
109.46579909652127
150.1457055437979
125.06330499218839
107.47778883679065
118.38717047594041
119.52874723181424
92.08551589585397
145.83109179944074
120.23687049197916
134.88069983883247
101.65456158490814
127.32230225604422
171.07909724946958
119.34427127783385
135.29930565692948
-5.166448274246328
78.29163080591152
155.8236002020354
114.66682038943563
96.19160485591598
146.48111545131485
76.2569413424266
146.9221448746439
109.23282595437354
173.85758876811036
157.03717397818252
112.45754800614412
148.41885025812434
143.30832598300907
146.1534989442463
172.0506658249266
129.35757462273318
134.5427419591186
129.72992772911147
133.69565286767252
158.77495899665843
128.44400371937562
118.6641096888436
114.94940184052737
170.7777943362207
130.77161971947547
119.47108015383449
175.13788987870743
178.9662055371238
175.19180920898305
157.99728678092424
103.7228919150035
171.10935456793757
123.40686530515993
94.31588259377855
151.68071146657343
133.13739658121403
116.97262593223624
134.25906717445298
114.60559599348099
137.24058249443559
105.14528556900146
119.54590504255034
87.1284161732933
115.2250884118318
104.07478368268657
156.30476718020967
98.01883052899313
136.1847706218104
87.83540479625702
169.7776275442839
137.55284865879875
111.72767838399336
116.23327760843364
94.86578151936878
113.31849584211501
175.81212816333965
115.74480970878878
125.12922652159702
107.98465840109417
122.73184515806759
126.4864048129986
128.36476299815752
117.33429919038775
89.27052446868846
176.17722292764577
143.083824492949
152.71422852035985
163.16915337353362
103.99065738505143
140.1634173204874
124.65203959758958
83.36265569442111
104.76284905444766
158.06264066237898
148.59754654422608
157.61379883914563
156.23855604898506
166.90911769031567
111.60486493907699
86.94927767594274
130.62877488563936
96.89311515545324
164.51503162354967
141.50828647295657
159.23712306720537
83.25881963005918
163.95289753377997
156.15831805384093
106.47703993521304
101.6598832353715
117.5164168053826
89.25357770567061
85.23072938373124
106.60049884218452
74.0771547030593
127.53471606691033
148.50023189677856
147.32183379023846
148.5973963264854
121.19675531564923
98.01297727289963
152.80419822698997
108.14284569131372
86.44943918795937
97.0259845860949
151.70590916608907
79.99258481302974
85.07587163423075
125.24740939226373
116.52508559438131
135.8458294270429
115.64804767884044
137.4173943225981
136.26200773760024
95.91119357589889
139.03774747734298
124.85525045470747
120.70807275630435
93.0964594994071
128.79257648796295
66.03755524423812
91.48099178672234
146.51116869948842
74.87194423394563
157.18403245210482
93.68756574743888
113.49043258194575
116.7439238629712
95.16644579232289
136.27674262262863
153.12526357100327
133.92116505843163
101.0399805107967
98.56858623973953
142.3387719292221
103.46039166105014
81.50134912982453
116.2949007985405
112.76749500879787
73.03977191881931
139.85076524191388
91.10905970190466
86.1494148439086
108.43068525336196
124.9256173303917
157.17229927525807
132.91726086037227
98.12709970232538
166.18408985335918
144.7445929583555
150.7398909770369
98.30229924895264
145.02335500703654
119.02669195684739
104.88984870711319
64.0754814009803
169.79567438334544
31.73504025980006
136.9374575190782
78.17772004062923
122.7177446987872
111.55651487916886
136.1747303828801
72.68831191241657
160.05506398326762
103.1137635162893
153.40006324450547
133.80752950819465
146.86401839052104
90.54152052736694
129.7647141061801
77.1834544625546
101.31969872021881
119.05951315089612
106.52630804309872
140.02665857739615
78.06665332250134
121.52717601415657
156.00513934061752
140.70844361488884
120.61684486846173
86.93051327463766
110.9424851141116
74.27366238627607
121.1415492431974
127.74558387326456
118.956652592154
85.50382482199316
128.257926963818
132.0715224095792
83.01671903765734
110.62777296880584
152.5553638685628
152.50946002028746
126.10637729001266
96.60393698741703
107.5588476262484
121.47021419757883
139.1303390135685
96.88256109418465
107.61140269031259
127.06897668849575
146.89481722594203
91.49190708377361
111.12131223016235
111.63393317475933
121.11950254940093
103.98050646070485
154.12966197455006
122.83254637198152
94.98086295549128
88.44032929696202
156.56872821604836
135.24790705823972
81.80563649110138
108.27132324716547
160.37471489508556
162.01065687627892
109.72286124730779
114.28457776784288
108.804028359722
157.74791416930168
124.70808361343516
116.45208279468895
114.64775019149448
125.77938947094259
96.65670893696003
123.02651207262379
148.77717765693424
102.71451890034288
121.10081737814927
124.69926043289199
133.86415074424605
98.56794706910304
139.8032660399126
107.81217519171315
149.22073115664452
98.14711627142512
173.00443140717184
49.1387384295999
135.86227323756884
87.34891250490196
118.80389509692989
93.882105859414
137.43137587130164
123.80304416480541
51.54829750648379
91.17752961884653
159.9749101613114
108.23287185005952
135.21360731771
91.51207286383395
92.57510071883735
175.09059882081118
113.22071874250663
150.57159906907734
178.74900847146637
148.20997414084255
141.5923109948417
113.69194218242724
173.4926364067681
94.09691882674585
175.03269805287067
191.02082542556553
145.21432823575344
165.08321319849495
211.17311124822817
124.49480241530716
108.32212307670822
130.46286742341633
101.87729871899332
93.03533938399262
116.66712325672188
153.89129184609837
77.39291837724804
110.18213036364938
120.70387398873362
128.17421931350205
118.47074104639135
147.55128683176454
111.63305695043091
137.91212298104747
110.41588035110743
179.52273047112186
154.09447560807405
140.2433519739073
110.3348535988612
139.50957433622267
49.88928651620222
147.768905451489
105.1208294265771
40.14116677903735
70.0957937044194
130.6057400237878
141.50685072647505
92.04627213118943
183.59769493751423
158.04552677617102
119.53961852829464
110.23070135827714
84.39107617972458
141.48764495142598
92.47104434660827
101.88261982674403
133.31384064331766
108.81822091641688
114.62587359165121
99.59509196896478
151.99900215960116
114.18687422982545
81.02524073215717
101.0029819519974
115.83089312219715
117.5733012738439
8.711617229118133
149.82466081103294
119.46803940923346
131.18238367970594
180.65464969126452
128.74599158340394
130.05057600754753
9.75682986849489
10.461099855049596
-15.624898891399624
29.758363512708286
111.27615288531476
213.83718517124916
169.89675814971295
-11.054131932842523
103.75335010031846
125.26460289058647
-18.969848433271565
25.89681776467271
32.83558376195417
129.36312569364665
173.0691724887868
86.55460854817119
104.02239871951542
-23.625208130151634
126.44675913913052
99.43400659409792
113.64886594108255
131.0887443050622
34.52907966705521
158.05029902337927
148.64850670026462
245.39511195924968
88.2531048724615
117.61146089342465
236.41943483082213
191.74291143802267
89.11556570954825
142.21299037371807
141.2513643268918
23.972730659772488
148.35800718297847
130.18595409655188
108.81174486338618
139.33019364574224
88.44896606930338
111.10987838676041
-184.85775874720724
152.68839174314306
125.340861655049
-21.32090355021521
99.05662575695085
114.6042046231762
107.70727635056338
162.38533093401512
114.40310923046069
111.03716741086998
60.08798401225922
-16.360889657237472
171.3495167242931
105.27620548544326
-24.948812399581456
108.02415671224884
143.22145367477697
110.18030632079567
-6.074144488095868
22.62971528697902
165.4228489064227
-38.165229885699596
82.44348898204724
26.957122437702594
131.65629957967968
66.55738735381395
128.53878644540373
172.7785806398359
138.78005471205023
-29.22831540414262
137.15448987092657
105.49898432900619
132.21272080838617
35.5500137622429
-17.46533193786918
140.92846734840555
69.71026331689542
113.27228452930584
192.418568906319
157.93640207488522
1.0835952255521306
105.5235178060356
172.2662653726091
125.19423805034212
143.0920447600668
119.48605027422533
65.95243936810542
64.09800652386971
1.9685363354893894
209.36811193691736
167.74054839086747
40.872399589036746
145.05922281532864
97.93431054828945
103.10131010450453
134.85776455696046
92.83261466724541
71.97088309939096
153.0790002445438
175.24998833320558
170.86126893641222
136.01723919958437
-2.1462614657192916
156.62603162513005
117.16001062514768
160.031930259854
111.6180747124635
184.67320514186792
66.51037534709873
23.53560650683577
140.19177125844823
132.8500379633793
9.400937244235337
-8.197788362979892
116.26748396459203
131.4981912957643
44.922513911344936
117.47859718561232
106.3308265124977
132.9574889749707
139.40208742819559
-15.427848641411767
241.58722729163998
123.2527109080878
277.19435028989597
148.88182274718375
-22.071354813962934
125.94046691460284
170.87475589699025
123.19518765307758
142.65800039011654
117.4847837696777
152.40838753103333
162.2286194361275
11.786317510305665
-5.301458673636546
130.42984067601384
12.047062064229763
112.18622349170258
24.387920865236467
170.35266069213242
123.56326647193184
34.09163000239069
160.38138857870698
220.95265704765194
176.65810839079052
168.94390671865506
125.72411738252498
143.49239772355978
101.4929895867499
139.44418963272963
135.8301002283571
132.35585425478632
128.9240194997743
165.98009090991752
192.81056563749152
143.51944978745433
133.7922639851455
146.67398153074902
128.7182003246719
136.72481259087297
155.5625228565129
177.66716321382327
203.03477102838247
147.7891929122601
54.64003982813266
133.64996294325653
9.53645552258299
166.13257398288218
-2.6002126034687194
150.34318847969467
-18.319309795852092
42.68186765205612
-24.23492266116122
105.6700155308236
139.3359712934197
4.064523526641111
115.05749835267719
119.29437090215814
192.38157067068684
130.26000801877518
188.71004050612567
73.97506963769041
179.42878998205055
64.77717847620991
127.81084860193899
179.68568958636328
1.8700992072578515
26.27573314079818
150.17222290746525
187.02013469141176
136.65104691784327
129.43131659082405
107.16089097217944
264.6253531993764
30.1686696480638
129.01527296780358
114.14235309413613
185.04713614125598
149.01823119771095
198.82847338312382
92.7715034109042
16.60445870997654
153.53336874475747
126.96868376490056
256.44995533644004
181.45386016303326
160.6654710267687
137.16490284997897
206.1149010038165
187.4084739469884
245.47301246635175
15.843999515350655
36.01808605773193
242.01500836147017
117.35927250315747
259.7934207901915
133.46915449484686
196.90741656196144
79.1547690333037
127.82236814015614
156.25560223123716
243.21643897759134
259.94705396816653
119.0723703314448
177.51354736381512
5.6785067223569
143.35737194244652
153.51409922028012
81.53903562110636
95.9660948187574
299.6539744536842
182.4991016517111
148.44246175157676
144.12458528667605
11.066079626932407
206.43285807383006
166.33629114014397
121.65393575980703
212.82211874338424
167.80198500274878
270.59588998236063
230.2111811964134
229.49283777997852
261.43554748554413
245.35918242701536
267.8725028624484
243.25964300880713
235.93719692010285
272.68896161506996
215.6961370243273
279.74993249818374
237.58615129626725
234.16996698917166
254.57335177677294
232.98473800489293
210.65222109993945
282.0484061114844
289.7630720966218
250.55459325838058
259.6392444490659
260.8132338242577
258.0327229011039
257.11559376924174
293.55722410628147
240.34111855596973
262.0197439547588
254.9433950860709
254.1793891076516
287.2546087138123
235.96462547396874
273.8050920115132
231.1431136611056
244.24464863761182
275.7146532451933
210.368442939927
268.9604565458795
255.9067776345999
216.4698663543747
250.1240627757332
247.86565864049572
235.9748006174874
69.61340395793043
268.7176376037759
275.30933086076163
224.65122160247606
194.8284399973959
-12.935388755254252
281.25214848686045
224.4155016117195
235.0162995106755
255.15114787391866
261.61999256030856
235.08487166576873
255.61359856382728
276.7349833327542
243.67809417105082
206.51111231892222
225.3608923649441
251.31526168626496
233.38246453206105
196.1901474480138
233.38481315017833
244.82897296364445
256.42733533348667