-77.4160835667887
-320.6614860491322
-110.04366064117663
-102.78054631214675
-292.2109680378245
-115.00973829488498
-152.7859501012922
-208.6866321283433
-66.98077796937186
-129.371166591649
-72.99195424800004
-341.5944199918954
-98.28694162156354
-89.00545947681994
-129.8507977690493
-97.73843039065852
-315.2738704445098
-181.52688676258288
-137.91750734522452
-172.5966316298746
-139.3532742960659
-292.9951379540588
-358.9217666605689
-320.86151368644244
-131.4426917514567
-413.1543580749947
-61.40271042140818
-84.65218349293161
-90.97177050872975
-266.23330814607846
-216.9929707483878
-252.38675599009238
-50.6848298171755
-230.8238014804771
-106.28065226946453
-125.82641204904667
-91.0076766577056
-227.9435415665557
-118.32002762232284
-290.9727479379992
-102.67060474629503
-127.64067645696218
-144.86234164478677
-186.28654876073728
-100.14405431845965
-89.21229467053774
-319.0417887497089
-188.83958922239586
-405.5978186196364
-312.4765354187113
-132.78916739441354
-130.9573929121342
-355.28581432938796
-108.02409878742452
-138.11540133069408
-61.928127732157414
-113.66594677189387
-139.06650359861516
-237.08989094062994
-206.05151711502302
-202.4073232459995
-90.88856304734219
-194.54144811601628
-25.719450256136128
-111.34590817456007
-57.09176629722401
-445.00327058771757
-265.3412720874266
-90.3416890671139
-186.0022982566024
-172.42907511390567
-246.44963135206126
-80.89080818715969
-162.20100121417954
-104.67314733691407
-112.2835190165869
-25.740413446698213
-108.06862226490348
-98.72120796072916
-390.203458861547
-403.8330643034052
-346.07730150907065
-99.23369397171965
-174.37426083223545
-252.98513594056456
-150.7980400892357
-192.4442600975861
-207.7402257715849
-147.48264124059224
-478.6232464225907
-14.147238979361305
-451.84452984240187
-129.98351073998464
-118.76509312360393
-216.30512304835503
-142.5389648632682
-112.46537697180068
-140.2264654381436
-336.91835623362624
-249.89393920361874
-164.24707811996242
-273.3185234213211
-162.94372654885294
-119.86959480080536
-277.2573457387019
-90.32210363927987
-245.64252252535482
-398.67049733972465
-185.5945151360924
-141.34405053956291
-213.9029395304771
-129.51692993157167
-99.43996719959145
-113.51162409345041
-114.54231367283052
-364.539355273738
-365.8047427142457
-191.2191060431552
-127.34564318559089
-176.80986244885088
-120.06983592723837
-91.84640678839186
-361.672396061412
-207.774721697992
-122.8864009547587
-101.25909352058609
-295.7854003988607
-303.70518996331305
-226.93548046648422
-63.488670666144955
-247.22098409579812
-129.93332523948203
-196.29782000378663
-106.02290670805868
-59.67257945331671
-407.70318768424886
-283.8984150201963
-127.43282281592089
-107.50580702440922
-89.74528714669655
-124.27266856346142
-96.02439733477516
-132.977970951854
-126.53991652929716
-266.93280812697503
-530.1962950647115
-107.85171207751755
-117.72957058537425
-109.72370762397608
-85.78788100564104
-126.62652516822243
-28.656485137212314
-166.66361783119524
-220.9426750094447
-113.71482100843275
-217.26670118526107
-200.55663488632007
-102.30288782514793
-155.91844052589528
-155.52611817585233
-293.3190053022762
-125.34667104617341
-120.05912855568597
-134.56566635707236
-58.22188909017677
-132.49062400925501
-219.41434985354195
-85.9951313369304
-163.2000430592398
-13.526124689520955
-163.8243458704949
-261.3933189954299
-85.38544820766624
-101.47394475141729
-149.430904132597
-71.47513477246976
-74.41416595591099
-126.2450751889431
-189.40992317053855
-244.8632150967403
-127.85670906445768
-104.3012990160424
-94.80880048322868
-133.74121681493924
-140.92862445374675
-141.74261377009208
-96.08562204090964
-73.86236677566794
-344.50786079004956
-184.02285579968833
-104.30104515514823
-130.52444011701522
-222.58132203085233
-293.5586771939853
-110.13154483557629
-194.46938827395405
-123.08448106005146
-70.34300447521494
-303.63798087267776
-155.1469094382816
-453.1458146113654
-72.4142553287394
-118.59134846666231
-83.01206543033281
-227.8235731604177
-191.14247076416927
-82.17259742187953
-176.62265677576084
-121.47851433135601
-97.43820453476346
-144.5758130477729
-108.70094003417742
-173.88413853749654
-76.30628370054639
-103.07356371424808
-380.91426272426145
-138.32672014506522
-270.6535001319053
-231.6821354352013
-109.86643703391678
-110.62981701520161
-145.09864711074127
-7.520687158000015
-145.0802479281647
-183.2754634831261
-164.29304411402427
-132.51080834467066
-119.3471436892635
-111.14268180107638
-386.4092768858794
-104.77023473613673
-130.2890291253587
-140.39759530925056
-113.42459559363773
-84.9171585887602
-110.0053478176687
-109.74580217826231
-88.67554015487713
-110.22965495499564
-298.76661458872195
-110.31119208787281
-342.6365279338486
-188.79687932991945
-184.75009396640223
-133.32399686473286
-136.59035036790317
-151.80698646275434
-125.74177668291426
-84.50353270462553
-167.85382633544845
-160.29355026787653
-232.60968847756513
-86.64351653472129
-89.18074228171676
-144.1609281867191
-104.50938314485921
-327.64234552648037
-84.56321778564241
-109.15117438785482
-136.2961541300463
-148.03212194327995
-71.44714179809056
-85.00981911417456
-157.51663957423187
-186.14716772088946
-110.61798954578792
-91.77078211130801
-106.29111731039725
-91.92965142340513
-216.3282804061596
-98.3135732259816
-128.418225639262
-100.2089182599549
-123.73630662732239
-192.47158711114227
-161.1699794129948
-212.5568724045778
-244.8080833156151
-185.6319146480871
-89.27221707663796
-201.6522632712389
-147.6802946680245
-135.57056235821557
-228.3539770330947
-180.60074706376008
-235.08307520077045
-80.96788725733029
-221.8464796639823
-57.81771103702117
-256.65806483214055
-127.76758649276663
-111.89735519233763
-287.80669982158395
-50.509901409172556
-123.70613276402577
-385.20982624309715
-316.4895665519863
-140.32514271670158
-451.7084509822647
-89.38558864811729
-110.74918752547208
-116.04806428259892
-276.675652235129
-367.32940780891875
-355.08949003138684
-206.1511400594876
-144.91731906941862
-164.97658764666755
-199.6051114431031
-107.39678789341599
-145.45231862415935
-105.37204129075683
-149.06292551305592
-257.9823473398204
-256.8255666988704
-143.467853522981
-224.66473421618883
-94.10869409702434
-157.42130461038894
-140.60239107034113
-78.6728004418363
-322.38488723088074
-196.09880419242054
-53.33246734926361
-81.95096607860378
-151.7585590060556
-128.60022907497023
-182.08906065833315
-142.12293774936643
-154.90104583424548
-453.97034435622487
-166.67831743026062
-80.38452042184122
-111.87556387838886
-121.71837227997793
-390.74903645847183
-75.49495563083144
-93.70014094130278
-125.93818173640685
-418.9137693578675
-92.62654421645121
-135.2251071865242
-91.07416900726535
-206.1685282152778
-186.3067917802241
-429.28217803254984
-267.1459565545946
-178.83974329914986
-97.74862685972279
-107.77631634301784
-135.65465012781075
-147.75686454701463
-100.6684260967578
-209.85330833726226
-230.9552529446205
-72.48016507362794
-317.9800571995766
-151.90469087734104
-277.0004633833971
-77.86658479618444
-104.06352813415543
-92.74343096424131
-82.87159704910356
-90.54995272266521
-85.36653312066156
-109.15293434742031
-119.87629683031223
-129.44831317600085
-141.1236832632
-144.68959321848308
-122.83113591438673
-247.44117638477698
-190.54311620059744
-134.2356546100011
-98.47240780508841
-421.89635400480455
-377.6531714941754
-147.58252403794802
-112.51267525563635
-126.59374699414444
-218.7751254526296
-434.0526570120604
-178.52200550519836
-144.33712347345028
-111.00139261805606
-83.04910314334404
-178.26697865608187
-89.8636622061404
-331.4032483227073
-132.75472478735378
-382.76420687837526
-411.16515892748856
-115.7038186332835
-67.28396936881549
-162.95892431656358
-328.487887413849
-213.8695207261893
-273.4847035436985
-217.10425107659557
-139.4162034000238
-154.29597033906984
-298.0221878457811
-105.07068067588924
-117.20439631643006
-170.13343465660716
-188.63816599738152
-172.747801177538
-102.55307695367553
-168.47323292947812
-226.80792778144811
-101.09698603310127
-233.30047253258434
-164.90475347367735
-44.01637890190375
-108.11160810624263
-70.0791194221953
-182.5877802282954
-142.14341841633052
-118.94801165749624
-273.5795021364672
-94.2449338098448
-229.777543630754
-234.3118290742669
-164.8998623710821
-79.23333668614154
-221.1730272362886
-132.92323172152018
-117.4587529771349
-142.24840543624828
-115.56969716091011
-380.16403156040514
-178.99662422812173
-75.87068239456926
-18.990056948927446
-126.97377143847055
-282.2667617743894
-142.38662360141586
-105.64266486379644
-83.08671165843737
-102.7690127962354
-177.58665856586578
-223.36398338109376
-183.73047684471535
-278.01550247980117
-346.77946709816257
-142.84751531433574
-214.96562046738364
-190.20218573142347
-99.64428450370463
-115.30184514921518
-30.32816798960556
-269.6664937418587
-97.94712718330338
-4.491402377906439
-102.49276322311484
-246.12047801189493
-221.0796280756993
-23.386497200389172
-138.09645016325373
-97.33977104078998
-273.4590969053887
-108.64643273182656
-458.0611725975929
-97.01230072397354
-132.50363957506073
-100.52450645125205
-109.22080446440462
-126.03942410379388
-184.55537389070804
-123.94525434901196
-142.81817623432943
-198.48298388765033
-90.48592915996821
-124.29785199966011
-233.14580870952193
-168.16073698843215
-134.87106293995288
-129.6210202440899
-266.0789276897392
-90.18644874815105
-100.06677503591499
-211.4137743685198
-110.19325708707291
-118.36207537995088
-199.0432299423211
-100.49946919955319
-180.2140258666557
-76.92350121316647
-15.43465114055357
-112.92331123253481
-147.23763550813092
-127.82110756643284
-90.98302698210523
-104.00816828197827
-113.63468535194556
-141.48445047177412
-74.94425848886183
-235.29825234785662
-105.04147334612053
-141.38340082902644
-89.95194066398403
-130.47178247685528
-135.61280654235182
-115.20599420165104
-115.42809850217145
-141.43469828917236
-98.50340603538142
-132.34472689403714
-276.33203049404165
-71.27295157202799
-231.01410146185071
-145.0786726456834
-127.54385815993487
-183.36921702668832
-127.53408935573968
-100.64876873852747
-143.2348612611903
-115.37952103002526
-114.8651311347621
-169.6198093303013
-230.54662405014233
-462.24149930855737
-284.6273590603576
-343.1982199009932
-186.56676065210655
-90.19476408937571
-86.29025842005791
-209.89646207240176
-122.77604093685756
-108.21561598333034
-151.96132205520746
-77.13481228709557
-146.68030749649483
-210.35868613180685
-87.15948696206256
-107.93405731938216
-111.57847811290479
-248.03987946873926
-91.65580199489943
-72.67471561756199
-113.41108395835874
-138.6134446361535
-106.53948387722791
-187.6654289497136
-233.9378945434192
-203.11836374723654
-125.44698912312248
-131.64667134061705
-280.66406266545135
-91.05968875081193
-197.54849951408863
-105.074404483762
-88.3979843466199
-119.31421968041877
-181.22430425470958
-90.90925717725563
-120.35458293402164
-105.59392283248437
-153.60358181496682
-310.1142872187306
-126.5226670382735
-104.00361672837616
-84.25901521295995
-94.72391095318895
-161.81425427590358
-153.62718525676684
-172.36217582384316
-96.18421784282171
-213.89815241512946
-270.4107039875281
-229.11546895015667
-134.96525834689797
-220.12212729342124
-110.10443345178511
-120.01530298541434
-133.14570098734865
-315.9759536413607
-49.71482400713453
-9.943023660831756
-97.05124605539376
-300.2575766663666
-139.07092576255604
-255.27007612130026
-112.25533178950857
-77.59487918920692
-212.66323673755903
-78.2194390398256
-177.5196035725864
-74.26695206641048
-98.88459221898115
-420.44537308429324
-158.3248349705868
-38.49410753879985
-114.07022658423128
-77.05388982479897
-157.5124252706687
-177.58638041063003
-188.95527247331245
-106.294255491846
9.18802302410856
-147.70162887754256
-326.5194314121792
-87.68094333194826
-156.6269071468838
-113.01702194979956
-98.00003106897907
-159.26434839521403
-272.36871093407467
-109.95905613437655
-258.10867764759985
-106.55132296771612
-109.56051661020355
-416.1281229025011
-144.65713883924542
-87.98292298102105
-70.10594656867146
-71.22336764484957
-322.76098259634296
-265.36159641581503
-115.29875789934539
-130.5095112388164
-73.23672377633658
-82.68838584005628
-93.6080568328165
-115.64155685382626
-275.90620710497154
-359.89790545897074
-82.5449975195571
-28.86507011380695
-93.42595514923678
-93.13970721298602
-96.33692644310472
-201.30849898499673
-93.86859317087308
-118.88215301203866
37.530701985239205
-154.96567429661468
-93.83117182115346
-372.465960198637
-121.29548293774882
-111.77747386251846
-361.71532876373544
-163.81071695896392
-174.87537302099864
-69.93668804431337
-318.7265346318063
-326.74855346328343
-95.03064515567459
-68.7160122727525
-196.39720893565658
-16.184310430798547
-148.24204123530694
-127.00848362027148
-172.60348280634577
-34.30862189370629
-145.66998198687975
-136.1048840494642
-147.34399644371612
-141.27913771640095
-90.6410001944868
-99.8915273715649
-121.89288214035412
-188.27368658043662
-101.68238870150469
-223.5970473016483
-173.23832573988489
-88.08820563719307
-230.84700379234613
-74.4356544643872
-89.24054937630932
-116.54632008666526
-242.46223373405982
-234.19477285716061
-5.607755111402781
-89.52755650545188
-306.348943051166
-121.23746032543772
-165.50307780742085
-408.701820774075
-74.06206143303493
-184.64816342653998
-75.08314960405792
-100.92110499460405
-96.76920273309591
-172.0816030498895
-86.04674445706058
-294.9868462453138
-69.76194360008068
89.14161393173953
-115.6356987919743
-77.46312346586699
-97.43233006705336
-185.17424840157076
-107.70894924657229
-103.47744262477441
-112.91402238188438
-117.90953088739579
-112.032923051177
-225.1936590847682
-72.94533695443712
-106.43659778546824
-271.0881945813892
-122.30542300887619
-196.05648178637352
-169.81265429310753
0.601388975230222
-153.22603251651734
-102.87586334472363
-74.58595026256245
-63.723680589843696
-283.31847569428305
-111.69359024230732
-123.21242032683128
-150.9124731861534
-126.60770627485898
-109.46631341588325
-160.1828733827771
-110.07444657655323
-292.6672689011406
-89.00845074793368
-179.07142141511298
-113.77941717215684
-152.98613649764923
-92.63665546437804
-65.25966856134531
-32.26893353313885
-130.86130302476835
-163.62711645863175
-65.4898610519146
-180.73646346353698
-174.63843311180895
-154.09776546518958
-108.99395271707678
-92.28683431563869
-115.3433815282911
-75.72619252884346
-97.42177467828557
-89.18978023089127
-97.30117777289723
-77.64221626692765
-69.4301932758631
-400.23523893674866
-101.47648516528162
-168.76004691168205
-79.85990812425673
-130.07662281335993
-70.45749622898005
-264.13465179939726
-116.53953862021064
-100.36154487252108
-155.45573892167
-97.62332902184517
-78.84780324236559
-187.99186935268114
-128.183245988681
-87.32780597528361
-121.78112763921216
-117.5098981917394
-105.51875561678052
-206.4219359764396
-289.556996736836
-90.38307544389767
-95.85675418046745
-135.6697245648685
-97.60733744992356
-209.21251585947152
-369.09367630501254
-126.80447613002116
-81.0124235592767
-237.3414518061478
-108.40975063694579
-123.2818614121105
-145.13381233286492
-270.4829997844547
-122.99909766835565
-230.68792245188922
-118.52720458018531
-146.25474226426425
-75.01373157807447
-109.1346707747606
-113.74761720861436
-118.7691648284736
-141.65475542665462
-146.1523103687698
-100.24857278325022
-108.80069443086185
-234.51331223285712
-314.94809424751367
-84.09018320178507
-203.30532685611885
-81.2059285756361
-113.52071936749067
-5.7377384969695555
-106.87636950651283
-108.07805275613875
-197.18077658466026
-203.19455961051503
-245.33793257689877
-285.36725943437455
-115.83203361400513
-185.30192123368454
-112.849308055871
-183.9004203951499
-189.27422057733145
-107.64696764331602
-107.92806115994922
-270.0416123347403
-136.38202608573803
-97.09560602337328
-185.04980329567354
-107.21821928684804
-111.3831608729594
-139.02280861434338
-406.79275433118494
-111.45278501618868
-32.018696466490354
-5.176225261565065
-122.26316433959039
-214.9271275012885
-223.0929106516671
-56.24835337443818
-136.58756933831503
-278.1113825830988
-88.01475307925155
-133.71581644016237
-148.22543780352862
-347.6634610605097
-309.88058468292974
-227.19519407886395
-214.96229788552694
-238.7956323106902
-109.2784667862735
-112.15877132910455
-113.80691028599524
-102.87809790424436
-111.99366667386191
-150.45174300114027
-52.80888027781971
-77.37627499881792
-194.2971096347256
-123.11118731798841
-202.27976215651185
-77.70727021320835
-130.47768280672693
-177.4365089379914
-121.94301617660581
-97.03182601837594
-196.11675299578593
-109.73532859659642
-105.77165115401364
-91.7742732812181
-123.85770934194429
-281.676471771777
-20.61867598445113
9.651217634812156
-127.82923195410834
-343.86429136986146
-244.64562891165556
10.471144089648732
-82.85544360789763
-134.25430631354232
-177.66544168166465
-383.84317815266894
-62.78671585148568
-299.83390515842905
-124.56341045801
-81.15046062807923
-327.9818084986698
-66.43037381636199
-125.08548568709894
-14.9402307285566
-93.65890243704749
-95.61021000845803
-81.02642817525702
-143.96851146101355
-133.90756702936494
-98.01655131689112
-173.23720413315056
-145.667923182978
-256.1581960574164
-88.61340805309834
-156.37447612101738
-251.55604813800363
-166.46734104610312
-235.7003189702346
-148.2569940127491
-118.09072623637735
-193.21528807386045
-125.7829149232786
-12.688430974302378
-153.98366823391598
11.100855294762326
-199.67725651583015
-107.92670192022331
-230.05054507847416
-120.79606195838129
-94.0017647411578
-125.70435188966164
-122.86541499897004
-139.09216604000568
-218.76568065038754
-114.39944082399143
-164.10047215527567
-339.51163624216304
-140.58897153166046
-190.1017036410742
-194.38653988568464
-95.92791721948717
-284.5372726521403
-50.806461139015
-92.56432541733376
-171.2520131637624
-108.39900277472383
-112.74482004096915
-152.52379454483065
-117.99404573196456
-152.43828690906122
-224.18089745370153
-102.10567544112148
-88.22864286503138
-171.16790564973218
-101.31172496577386
-140.52051008353777
-132.9503686220918
-67.43517732112689
-113.45605778215887
-84.22398235061605
11.212077276432524
-352.22199980007315
-122.989310950301
-119.99402345287257
-194.5245110509009
-79.01052032735758
-148.13224263037324
-96.31646779136108
-100.22741047309121
-98.73026706109039
-96.67801938768973
-429.5883667348943
-280.07234147035524
-185.09452645067975
-130.79262291668172
-198.54429806937466
-344.22031134976817
-57.91005200448361
-107.46450154461249
-199.3277660827339
-33.57371061930887
-156.6643600797621
3.6281475065755444
-246.0361154743773
-401.59807260617913
-235.81742951157938
-156.22650033502504
-127.9330143025224
-156.07832207928055
-262.3007347075595
-107.19245067244137
-112.73614226579983
-244.7266302516976
-93.56885478314982
-38.47418839190688
-266.0444236070201
-369.29140928612463
-145.54291586424392
-191.89507652387834
-157.8743937154876
-321.9056654246724
-158.60614838641217
-122.98680991066377
-241.45547080506452
-192.42686361833802
-65.81895915466943
-94.10261484302596
-101.65432862601882
-58.0553053366775
-131.14716040360221
-109.5832575140751
-137.75624897710532
-169.4764497062588
-92.9317748185108
-212.33944486871445
-172.4810603245901
-467.4724682764475
-146.93891988957114
-146.29264081144188
-142.145602642051
-143.82003661636452
-467.986130699749
-157.6535560405511
-104.049305527283
-136.41899021397325
-77.04581698965066
-138.68069342997643
-81.10708507035714
-295.423315553995
-128.02198848073894
-145.5008237692497
-85.75666759655957
-229.3846503078426
-117.72242215317675
-253.1383453845831
-86.93805844172738
-354.38293103222276
-262.705636662159
-94.76252399077292
-417.7875786214007
-94.48434486413481
-100.90090220052937
-81.20772747459893
-254.05929651464544
-111.21152680331599
-208.5715444269302
-102.05666018236921
-93.42022741535061
-132.35486849894238
-171.36209263440043
-117.17981872479845
-181.7012763183895
-103.39422826821908
-142.29839030908894
-84.89991899911895
-92.69037420504688
-317.2566541025164
-78.37486449088135
-98.30980776668456
-112.75434756453944
-260.83353324670475
-115.48940403442937
-117.64214259575448
-148.53443058643816
-97.57634224040075
-108.29052361909987
-183.2809008539958
-130.38222336897033
-132.97182464348407
-103.7768577109023
-322.72058789978007
-135.85746209008423
-125.63666897487138
-186.08371973325316
-62.6480642815009
-357.485229867021
-80.83319332210345
-116.18992752895478
-95.73557382294656
-221.99504435019526
-210.95246894386443
-214.5222050194729
-113.93252859490545
-160.91984738590543
-207.48962932914932
-343.79201091066886
-133.12098154092098
-96.83713686524698
-133.58540343834892
-107.19754263491743
-166.05359950690624
-190.3333934272701
-14.920622664078863
-163.28365275865173
-132.77337515507628
-150.19766952021365
-135.79027937334757
-163.3045674856644
-522.9218886545796
-117.40203700882927
-84.42475496602331
-135.04466133403236
-76.79636202556975
-105.45599832167557
-91.5048953902537
-291.14760456962364
-350.4204477586336
-150.71539402754271
-16.503492811622607
-111.09841222504805
-120.48301306416039
-95.56748077202292
-137.04594916960028
-187.37988966143587
-242.06164360833802
-80.52383767403052
-138.78997129200536
37.15922854593521
-134.68437241764553
-77.12999298692836
-93.65048862188532
-113.55447333702412
-148.4970292083901
-170.526907265583
-207.74874284007348
-116.00976670722841
-96.05032870619945
-146.86027791170272
-77.88658413029846
-110.20315456049195
-214.34484035477567
-114.91154711024657
-128.063185540625
-106.32177046237172
-93.42951305860379
-102.2895781828168
-87.94238110245392
-110.36170877266885
-334.14345415816376
-99.90090902465732
-99.63063196216801
-134.92749855792567
-156.94610080242705
-84.11515216499573
-165.95057455162038
-93.22470244386462
-222.96242567896485
-246.82623008549217
-142.9345289974681
-112.26285967630776
-150.07916759289293
-209.76829432257568
-199.19666304744476
-211.27437256580322
-124.77360692744864
-164.5278449649025
-116.39861326310076
-85.27725572694455
-271.03771775367863
-202.19111482303845
-123.71562488669275
-22.501172881543226
-163.00887125268778
-156.51620644467346
-155.17287363433965
-173.42211647353867
-85.79870127479457
-62.783802133275245
-124.03984203190919
-113.71570132220133
-125.70457199154615
-103.31547600678284
-121.20966358549899
-96.78054069804449
-97.66543942172817
-87.3608069329365
-113.45547230772115
-196.78103095970815
-115.61219977114331
-91.95988093586688
-143.6533681386031
-117.93347079860587
-130.69431486746674
-91.23972228521669
-17.959255141000156
-350.17635714836126
-78.58908488512554
-85.17563674656431
-81.02840353007227
-124.92410793352477
-117.96815614627756
-104.53917742085426
-138.21345057879262
-135.4963850144277
-206.038239026685
-123.9214488061544
-121.03625149377113
-129.08487859257218
-7.053343249004428
-192.32410513203064
-119.76168191278498
-266.9176117789991
-47.35350189531731
-107.6676989192834
-230.8532179139352
-185.92033018886042
-98.88269651555923
-100.44762261836021
-135.02275482221023
-100.34967448115009
-124.52411304042455
-63.576169095228096
-137.10555866819445
-39.89455494790347
-145.04797136690382
-280.1724633247429
-112.54525288295487
-256.68291511049847
-388.0785485390551
-277.0708712058614
-110.47883546341583
-102.77159324757777
-79.4386751908951
-165.64893971178705
-429.5167585396515
-99.54059335244298
-111.73175199636101
-112.9977021749914
-162.90873007792726
-123.33546358974611
-179.67454882480402
-63.77516878708506
-227.61937644703343
-87.62532431035115
-142.18326963719272
-193.10697226950404
-78.78621305701093
-153.95314232878087
-207.20838095011322
-132.27971279239782
-166.41122333139907
-54.14811180308132
-109.91017559750937
-172.69120244118903
-237.44857720592566
-77.61249976751363
-213.34666169939658
-142.11043510171203
-90.48294103291241
-123.21263008524072
-59.158321357018835
-21.479345937951834
-203.4942456445831
-154.54118108589878
-226.72933260319292
-91.88976964113215
-118.36823871827357
-161.23692488344577
-146.13162793610311
-95.47587434102773
-136.74276740006928
-119.98668470184558
-91.8579853079028
-107.35155054047343
-156.30764927030833
-112.91008523738583
-295.09263920255165
-227.2084020505823
-195.82303091003254
-77.71638301580376
-109.92836158601688
-126.8924410486326
-319.88477161784795
-85.88490301709075
-109.01059609347215
-84.20269698778401
-121.41987313344765
-84.64985155967341
-116.19167387876998
-177.23425036996747
-171.73390070567382
-131.8803549285907
-98.27222514552301
-202.1849978160631
-150.19527901817705
-181.58900608233733
-75.99702978958925
-150.7381090058875
-193.5831151599651
-138.551228965474
-127.29404208564483
-141.59639754533376
3.4992527295843843
-140.305196519516
-132.48510897959284
-107.86699621742986
-151.50377986440176
-99.32018892760456
-265.35909399723175
-147.4234769214715
-91.2087963947743
-89.19407157452115
-12.698038417377461
-133.4753068575323
-188.79111541292792
-131.3938793552344
-156.156051389865
-105.86293105020394
-214.3164570930312
-24.201804378488333
-145.4589236524584
-98.21215609626007
-93.98475255505397
-74.53562269483203
-340.18083629657053
-272.2686934142015
-107.2858478946871
-141.79785633320688
-85.33846588615384
-124.59110485574082
-98.62244544220967
-129.96374557378442
-220.80644305236083
-110.63825793596735
-228.0052371751604
-94.11526249660224
-119.16556933804063
-93.40170593634129
-138.3644946900679
-151.01950263704487
-108.7740362873974
-70.15962733141916
-114.6670645236347
-201.86752236295308
-105.10252788205344
-118.79620606364819
-125.86064465639588
-106.59958714137706
43.32828798031421
-216.344753347599
-118.45272541799199
-350.23727488848283
-114.76723500891107
-179.579597959374
-145.6489829276677
-213.67922784303244
-110.1924043428318
-17.358768158146248
-186.77696022403205
19.376516710713133
-94.54747601407514
-98.8099512543678
-88.76556628340319
-93.3576862428173
-104.15447159944907
-167.39340809925005
-111.59970046102522
41.38920376064179
-215.39305033127084
-92.61731212954957
-131.3334446813953
-149.78640534738275
-98.77950517267384
-94.1879682008859
-121.89685840504204
-129.64677088354478
-152.78787104972392
-100.99783343580182
-104.8385825511221
-103.0880458340592
-135.74245718694362
-126.82064161606581
-157.52598359338054
-92.56207472213923
-79.44013918143415
-84.97810602587185
-232.3660953287931
-263.5904346972036
-69.96276175317765
-94.25503503475142
-198.55956857375477
-151.7970720708031
-135.34272570259253
-92.41125472760542
-81.38578580704298
-92.5761188760226
-124.178347765138
-145.34619627771542
-207.1612485077971
-144.71486632657172
-76.39637069743233
-92.58762898782796
-97.0092925963086
-164.2351413144788
-109.45176480988962
-149.0971755336493
-123.08539848807848
-71.08268644561042
-95.25846612787095
-173.33256319262682
-131.09375604205144
-158.9165647450198
-107.6882912762162
-87.01602198351547
-121.6190572971687
-128.3542714660909
-62.81111207383019
-87.68844912959753
-74.49283138017205
-118.84432177335096
-113.42395156273786
-116.34906454233472
-343.8722930839309
-125.91362889279729
-104.13945277933836
2.738643491903275
-121.59370749111736
-104.09725359103254
-69.85879280919242
-10.367440042733136
-70.38623295704744
-218.0425313916819
-157.2191948979842
-2.8274690858084597
-100.59219740538892
-80.67880651399341
-134.16483372653633
-353.91227953776274
-116.52822898189865
-147.432111343556
-122.27131884298494
-146.60377249497878
-129.1372104559064
-160.85433276173734
-128.53857542460983
-149.2527546609759
-105.88013985289804
-154.86370270436527
-77.06068655589333
-93.9371333422475
-124.37365260943858
-96.74570358815065
-115.27484470947178
-155.5774093178407
-110.17987681350675
-75.7333925079301
-111.22755903738542
-159.28009153106618
-119.79775891173844
-114.22141415584552
-99.88489051920315
-124.0276157518422
-120.49281590208616
-85.32340690174993
-134.41655499771696
-109.9233067228364
-100.83080555953676
-326.04368851398823
-147.5179162923196
-69.82171939555829
-83.79217454200486
-128.8473105284699
-174.39248774596837
-100.7269673162247
-119.94878229285672
-108.00351994196689
-138.69753438446236
-98.02058084758322
-170.33961977729595
-149.20091505842933
-205.83939222434054
-99.34543580895924
-139.2124021239869
-143.14681125368315
-113.3626324003556
-76.82968140259558
-137.00561394450716
-40.860591747446826
-112.53622516860679
-132.58268576484727
-147.30523906878
-130.67974429964443
-62.663120317433524
-125.66281233570881
-124.33499384414179
-76.60802991997386
-1.1834955537494665
-133.04860467199546
-65.04531618485949
-143.98827976807587
-116.8261015494542
-186.5690720918379
-175.01331768904834
-138.48577805588042
-152.37675328365992
-116.25487749108333
-82.29862432347744
-120.32210679128605
-156.18856042534676
-113.229805462648
-139.82319912200674
-142.15117287986013
-144.83474699751147
-193.7569287453436
-149.38189325213153
-168.25257601135363
-84.5034630251503
-129.18754680623732
-121.70210070755107
-119.95971763423114
-104.07792901271976
-208.37062392619163
-107.68646177102822
-125.82073138521497
-153.8436221174928
-136.43999428776033
-120.69491811121526
-122.8452953030525
-133.84448975081253
-130.26989589670038
-230.0125053739366
-130.99717691576535
-113.95045401503047
72.82381428697175
-162.02815769330547
-156.95094348259656
-40.293692381614505
-118.36891862750426
-60.21406840613218
-358.543458490787
-164.4209312597468
-139.41448602700459
-85.38020844537
-136.2171101550189
-135.94195241253757
-136.3537490602522
-115.52032527149261
-70.58023830985661
-113.61006980658256
-261.6970172359398
-126.55712945293745
-165.210323574379
-87.0135673227114
-70.68708756213016
20.574448174854034
-103.54708851371478
-187.86313376701378
-101.07952647584426
-77.45361119291809
-183.53808892177977
-127.04421179700728
-113.17093900483637
-141.9743185645221
-116.2301455150469
-103.32138284487895
-11.947826320079457
-113.36956723745863
-213.86306945013507
-108.04547162076136
-127.68501407882954
-114.41854013032497
-118.26688731327226
-120.11475614905518
-116.84374420245747
-127.41031019625416
-149.9443723172567
-100.88168905662378
-130.75354097557647
-124.84780308733731
-110.92754042548975
-135.797641989125
-59.94360445100962
-80.01604611634934
-123.04051687966515
-131.1094059448106
-103.4502488679148
-183.15837752607956
-78.69960326691955
-81.69885080637047
-127.72432170217179
-117.27709450717083
-208.59062218747113
-102.08376288045915
-89.56779843636068
-85.70048029202161
-119.7023067592624
-99.60423783642906
-40.703124993548386
-99.66876057178412
-77.94366741742215
-114.3842716211973
-156.4342619603988
-92.50948689901428
-67.6747937736279
-97.41153427117389
-100.77101760667307
-113.06689166824567
-84.25968576183831
-64.28923095566049
-169.8032366888185
-79.86814226865775
-103.24233113885782
-135.1811454359475
-107.71512740382681
-81.25445002226695
-87.90162617069291
-175.05588121211846
-143.7208399518599
-103.07985747207837
-146.74402424282823
-71.41717119822825
-119.68452582720082
-130.91662429186962
-80.15882718135393
-142.37336443165304
-107.45482726420161
-104.14020259889675
-140.28506247409302
-108.15793978508682
-114.56412026996318
-283.85361140546263
-66.6284934920304
-153.84352180908866
-84.71142166597224
-167.45362457702618
-116.67466364960258
-100.92580632825981
-277.88938541203277
-119.18415201194274
-153.59169136842075
-150.04801941603978
-95.602846841923
-123.66527032063966
-146.8969435876882
-109.24753827098262
-104.76942473752513
-107.20129498283444
-111.8760971276619
-10.178089422421436
-133.49274847541352
-139.68255094622901
-102.32776698666875
-128.99310183756995
-116.32330626715043
-172.16787045106094
-143.19160838701532
26.18478232725829
-120.25452844066743
-98.33892127160796
-250.9192473394236
-118.20144660266507
-106.5953442087217
-98.44665148896539
-120.3202525294056
-140.27337801870078
-84.90002887807265
-98.10494522494747
-65.53943534570656
-134.17095580645287
-132.70185306359008
-147.00837094009495
-194.96622979469333
-135.0715268561484
-134.40253430022207
-117.27475984056417
-67.07524529367996
-136.39240208263766
-133.32395431557956
-126.90591782901552
-185.31547688206055
-42.763453745836344
-96.26156581493525
-118.4337194259815
-139.21104873856297
-151.1979366439628
-142.5090621550205
-107.73897203849444
-131.93327622656756
-110.01095451502762
-98.55554741835701
-85.50642558321223
-203.01076667060272
-116.87350066635526
-112.21242821970316
-86.42596940804441
30.74113894499814
-137.66339757006872
14.579658051890533
-139.53239381956013
-97.38050989446886
-154.19384032882152
-114.3948775362333
-106.148876782167
-123.20314405195094
-75.44617638166316
-173.86037301322222
-122.28481623902361
-130.52347268826097
-137.3739724597162
-82.52862653629282
-140.19842101518748
27.02963729089025
-96.56558530209482
-169.030073004428
-69.37867816319009
-98.9334344964898
-124.43698892495766
-157.9907633749964
-110.25925352432866
-273.3287162851751
-110.69701593106342
-110.67845934580711
-136.43127151258005
-85.3433365999701
-99.34722364756533
-164.90009626391037
-115.39729534801846
-162.46618115860701
-133.6541928292396
-136.50927566295485
-177.82966422152404
-106.58649081140905
-141.99306435522507
-131.7879066267696
-104.28631195984302
-201.26220213458996
-160.79143182059727
-143.85943417377473
-176.27502473716402
-68.18661103398246
-199.27154273122102
-84.16029800852114
-111.04909280996773
-218.02004814642382
-141.35491215252142
-93.43561400492834
-101.24332255667605
-66.54896666508012
-116.73876442997872
-108.76339051729818
-119.24777067846293
-116.852066018062
-90.89524367063156
-106.2431378781342
-99.78127754693963
-90.172143749627
-139.8412296693199
-106.4047875629547
-108.76401793137293
-136.65589394176132
-179.15808824142695
-168.3477801097324
-204.57430291835468
-221.74175610303337
-98.5218451350003
-84.33860806381384
-125.74655473874037
-95.92597013872262
-130.59079514301013
-125.07719459114907
-91.05897152286458
-123.49831282244105
6.70591267337328
-98.94232365946495
-46.84118326675129
-164.36054414291243
-97.0975899980745
-106.61840647303838
-89.3083509408022
-134.8580563602461
-103.61468761423323
-92.70501034906515
-116.01262431873927
-148.98210640250954
-281.9602746624191
14.106268711573765
-96.38886820812094
-111.02250328055706
-97.94313962250372
-145.13985277366191
-112.34271325406395
-110.90552890464976
-73.61563992703965
-168.02898229305703
-87.93972497669172
16.019738639633104
-104.80078034362572
-139.98026482149186
-76.69026827443335
-83.14329354828891
-79.50330523719032
-102.85410666508388
-105.7204666230601
-119.58736866486709
-91.50585489361093
-94.58373545483326
-112.02409185695063
-114.78749936923876
-130.00087346618767
-120.74492413435655
-220.1909753237745
-81.76260644134456
-163.9866232925878
-206.92791128723496
-61.76200253420079
-125.03822883703177
-134.68140583625836
-117.7909354082131
-130.3964057384493
-105.30407063490516
-135.01544283696765
-102.49863749510564
-79.93101252197441
-88.17733723252654
-146.5686280005827
-132.21224335922238
-13.971721590023193
-197.25432527316883
-70.62917951629792
-76.61403912989176
-95.2990576917465
-159.01493422251966
-119.46164996233087
-114.06552264038194
-91.43242741477515
-133.31252121484832
-106.39382977214798
-71.15421634204895
-140.37351550106058
-158.99097236471766
-79.00090322323041
-92.15341476419344
-111.94285776560027
-103.1591404902835
-165.33619867794258
-125.20745807958215
-146.7449091711859
-120.02844847572104
-98.91249369097194
-117.53497013128779
-104.47171734771672
-77.56727367357176
-121.78548964151271
-147.80707926882602
-182.78664618715783
-131.24241615073566
-73.06718456792913
-148.19234395262112
-82.34628512938036
-113.52791839659983
-86.45442361039824
-74.49534599366937
-124.73838719849726
-123.29165741995203
-44.19772998958423
-102.52998285074268
-87.70202024615266
-119.15277022298525
-304.7374536914432
-89.91130127171945
-270.4916908068511
-128.4006917844288
-249.46558694607242
-92.16610927156226
-126.38245411331465
-104.44281225454111
-175.61159382706666
-70.1846046132382
-108.28332054974489
-87.77257291994438
-123.66082038411975
-192.41803421714226
-124.43829715896167
-117.80017712821072
-116.96034194204215
-77.23194723381718
-98.59892860538658
-210.01179066863165
-9.937203665042247
-94.96197103452359
-129.42616997703328
-140.31658911363374
-128.4386717534513
-77.20004583861294
-104.12962837499977
-120.84132174554594
-193.16445525618207
-148.41504104242995
-92.18135000610685
-29.574567847516008
-156.14530619178518
-36.416784645546656
24.654277362885253
-46.15993422180803
-75.90757143720398
-130.98374506868447
-105.40645619878326
-108.72989661290563
-246.92757564919359
-106.88811217629113
-114.68024214904736
-120.26429888584161
-115.72668871290664
-125.77157043561917
-83.4830019527525
-92.14943574485571
-163.12411431082973
-110.72999557087871
34.905345939729216
-101.94226111123517
-113.48848246796783
-126.03167403729613
-171.9132810711237
-121.43533193031652
-188.49820228675858
-204.7951711176746
-156.3407892216303
-119.60993967251771
-114.49425860670769
-119.08334972014697
-82.85054825863989
-175.84657435885381
-84.30702323909397
-117.90389775860805
-182.66274556436315
-128.428049983484
-67.74226801329792
-212.39446363449247
-225.0498043008016
-189.74199354845877
-30.491498828616585
-89.33525380892695
-136.7135986727319
-112.91636318818276
-98.67489024632381
-151.1903380695407
-334.5762186970196
49.02684297651558
-215.53049070464868
-130.34946780867563
-79.04199964808687
-115.14768665623963
-113.82612884931828
-108.35469080022301
-121.25520873284167
-158.79374888940276
-64.97222023162088
-58.152717819103785
-68.6469337221004
-149.51079403625255
-117.45228674895031
-164.4492142016661
-113.34798679150202
-165.35455695598364
-143.19419372434135
-24.008543107524673
-117.33871184624446
-6.350561785688399
-90.78560443690769
-134.0188335000118
-120.1025479032443
-147.0036825774927
-132.02631510860851
-185.28276449691873
-98.45645131705788
-66.25363132215864
-73.22184286971542
-115.57483407116395
-109.45876668586816
-151.602453390167
-187.2892305274106
-156.13972827317
-104.91128583662314
-91.20110537757452
-109.47329290362897
-90.72814407225255
-104.53805643023493
-95.46552212413401
-119.64136092971907
-63.58506559376503
-116.17442460417317
-113.93620742339255
-107.71490490521899
-116.56370101443629
-93.63798222684923
-244.32195120851887
-137.76901758325772
-97.55114906013836
-96.66417505463667
-101.06656261086468
-79.08060762468905
-148.51802645419605
-106.78009868546324
-65.58571491642113
-214.1590052664758
-98.47036837784529
-87.02492616342124
-116.55269349831508
-126.96456650420026
-129.67746002776659
-82.32688415106499
-121.00952026749857
-128.0184003841992
-104.8966561851905
-136.1582814165393
-108.8670774164998
-115.67374048147646
-93.82665078455459
-105.999602803573
-211.08014349125682
-121.51761107517947
-139.20078619422065
-112.59163704925275
-102.04840156305427
-69.46219858696696
-131.99069303068066
-157.8603041266951
-104.72986102791195
-127.1384021147771
-64.50840579429878
-39.385871007707856
-97.57932568207325
-83.8513974144932
-106.62554524848957
-121.78857479010887
-113.79294341104297
-128.1174560905739
-109.15873819864356
-123.23928983456537
-178.69296903882318
-142.6951299667047
-111.23808266830082
-176.08816424096753
-137.8635101680361
-287.8935271962878
-190.64810736000277
-88.33639743930935
-109.76692757593885
-145.3285064539831
-103.45134916384531
-99.54056554374024
-166.58790883089392
-137.8613261386761
-85.37157145810855
-95.15506869872797
-72.89713446956841
-188.21060672737087
-134.88498432724185
-119.90656415728861
-124.28699797291958
-98.85594058725192
-161.8299972332029
-97.77152719716632
-125.52495014865167
-77.53960603954486
-107.35210554231969
-120.70952781037514
-125.20494998851265
-96.03115331319559
-129.49689693559873
-167.73687241311058
-106.44727245449525
-118.67388353673547
-104.91355120399757
-120.15382906391085
-89.89605178550246
-100.11384844091478
-203.0518285393104
-100.28034758811296
-118.44482533512863
-142.3152322021749
-109.66708638711783
-165.41370849491193
-84.50602635400745
-22.815351998913016
-86.07088523613326
-53.29421030333182
-76.59168528437418
-147.9141646601998
-108.52829561624381
-72.54959371848078
-67.69488008503467
-115.60365238249403
-107.11837794873317
-117.33755938870641
-164.68778468134747
-111.74745233040065
-71.84119241341
-66.90769414351007
-102.86470691366777
-120.13741744132675
-148.27993663188744
-134.72355454103018
-79.16501986770572
-89.92239112690781
-132.8516645294568
-69.544055454484
-101.12433175769006
-118.22468065848543
-173.1383561993953
-109.69635450108096
-85.40168460684248
-115.20816741310686
-89.8703260380211
-95.70714922194999
-106.21756076242532
-89.99758825503878
-218.37546177986
-150.18388973890245
-72.46662637482362
-135.58095234531268
-148.92258013575946
-51.761960602564976
-132.63682058350088
-107.37526765966642
-45.12357875920974
-67.30075452114387
-92.95098339731726
-96.2646273648399
-197.78445513871964
-99.12674999162283
-138.16885908748225
-125.50749504772955
-110.70317777622168
-130.04934693356915
-124.12086636272974
-114.28189843018228
-113.62291313908652
-110.76738770175297
-87.20183938271808
-83.1611200379582
-132.0552116000955
-129.59106009679275
-218.91953399057843
-140.1380897051999
-157.7826219971054
-95.72732314861017
-121.12116726295977
-77.31479852286323
-76.20735123448797
-107.08324556867485
-67.54162451835231
-120.3892129683853
-94.43213726600906
-125.89266672970385
-116.26318791816291
-124.98559726693645
-188.840294075972
-111.0190822351046
-134.46655083528321
-108.85248685621897
-92.87098196087351
-128.12450548953888
-118.92170280943037
-296.4307565102314
-90.87041057772123
-271.8972262213688
-91.5305917870337
-143.8170962563047
-114.38488979137243
-119.82354889937427
-129.910738815255
-146.60147148161275
-103.59464415869517
-74.21642882589823
-150.50441822454812
-101.23351584560602
-165.34104988485126
-69.02427381905595
-69.22743990102529
-124.52742635374389
-122.72225692243171
-112.67105845579071
-120.42938598992214
-117.69222346137062
-107.77884731138474
-134.37322063905611
-115.69786842241827
-100.93053863566145
-53.085048171509214
-153.27940456707307
-79.56871730467996
-111.06695287857454
-168.0743239435671
-328.56513037330166
-149.85854828569794
-104.36764473082084
-140.44727377029366
-215.2783152990028
-112.28328759417282
-91.93550061846076
-71.62501506988717
-49.08496683785928
-72.9953680819714
-81.9482192153387
-111.24349420028122
-101.66088512127212
-31.19582118588646
-119.63269267486794
-129.35361468596847
-139.26326235586032
-75.09168979649053
-113.53329418145655
-93.88326188313751
-104.44533820411942
-125.33303285566058
-67.77806619065625
-147.02623825767998
-90.400798325681
-167.56618197065006
-80.08352200509455
-110.5477003222697
-89.72496573216011
-135.594572406939
-159.79016467975052
-154.04261294155313
-106.69005383789984
-103.59864175122232
-88.13506581890638
-129.0903673416236
-126.0729722809283
-103.58696446561945
-102.81493181374088
-121.87564473495024
-47.43012756160263
-83.61710635475573
-120.57293883398513
-183.71683232355258
-110.00486541350118
-58.781916272872266
-122.25606935718099
-68.52256742386847
-205.5161011232833
-173.011428140115
-111.36219177374215
-95.83929159632441
-185.73864528164864
-76.18556255324131
-75.83185313565747
-160.53212844782138
-113.93174049319208
-167.0150981458608
-144.53264544274592
-137.33421405341306
-115.7250940832495
-61.140021442172184
-122.22066578483208
-106.04996107840817
-118.64634341510887
-113.35443348317817
-90.40804102661063
-118.95719705469506
-112.64816561445829
-114.89419003889718
-57.0976590409553
-93.44062065038099
-93.71210850684344
-83.79984911996631
-119.83492502745368
-96.47487678671176
-93.2587862872575
-101.04523272141954
-132.94613009874521
-113.41209762923413
-98.12576975855491
-98.118645594976
-141.61455609992598
-116.6853167375161
-126.19866656833246
-101.88445538137192
-115.831589362027
-94.11684562969074
-46.185862293702584
-92.7943498377561
-124.32796330808
-209.60224309909125
-93.72432752989744
-185.74277420390243
-163.4439115737314
-158.63881929176893
-129.64948936645095
-82.94973735617603
-110.3305944453534
-91.2157365686347
-96.94433432322133
-109.61526009770115
-131.83544230668844
-50.72120691541633
-75.10207892036793
-88.65761836242609
-121.71259750513039
-125.54055807477017
-116.38668724838996
-95.74678174252078
-166.42419203338994
-153.22629687601687
-125.08410979927623
-243.3682674024443
-230.4509779365348
-93.58792053616924
-136.51455625140886
-110.79159226022988
-65.4260513702641
-110.25028751905094
-99.71841560974258
-71.16098736635291
-81.07358927606579
-92.84695673742063
-73.88943641629027
-84.91358379938994
-86.55903387725303
-136.7670032395663
-73.4369993806362
-101.28445391198483
-107.49319502146966
-103.31222573040704
-105.89900073403032
-86.7454030681898
-121.03138138569378
-95.50002491301946
-99.82326245149906
-169.42165783628525
-120.34192974637837
-215.98980067564332
-131.94239356429188
-172.5827698357096
-50.39879082466746
-142.91044811063242
-89.17040128753379
-126.08603594889415
-77.6793119945483
-264.6837091615812
-143.96690380584192
-210.66125225924125
-144.68667018710886
-76.61465599983808
-69.58994088587139
-112.4304502131284
-113.47103199706005
-105.38262808108159
-92.9561146554457
-119.1812787193382
-131.8995328695285
-86.88632784611004
-59.776286409053775
-117.85212900261718
-76.95885604864202
-112.41849763838923
-86.57444542628383
-161.81943320887285
-133.6314707370297
-62.02267642028764
-59.547525603234924
-138.89883927815615
-182.14660859129978
-103.79323133650334
-138.28724476164135
-85.83263213797754
-120.97281952929418
-95.94786260752397
-150.753865682282
-88.81630579043626
-80.48113373474322
-104.80280753099427
-72.27856992914627
-143.51828799100213
-75.20386464881315
-119.00088431030147
-115.2447202453196
-87.15240854602993
-107.83215905420894
-74.91990414655942
-108.50076404385865
-120.78992448360606
-72.21356244298431
-88.62619459540511
-106.18182903508047
-79.3533236111939
-68.41489515121869
-28.54981212108484
-106.95411485850126
-126.1039382756323
-252.419155445868
-70.085010522394
-163.18054281538986
-116.1397056663827
-76.17822263938939
-87.86448730691305
-110.42022499055064
-75.12886851396047
-147.43510877128
-102.10981642815108
-113.93624922456179
-88.08822087418237
-109.60779378526559
-72.0973072884169
-171.29627389934308
-135.19743867984317
-112.438493090508
-137.02339675793084
-134.87066021581384
-90.9519427496443
-163.03365167184734
-94.99645047100091
-56.12852606270061
-88.50206819526119
-149.35053556117995
-101.40404131513402
-70.27131145484493
-105.31105596934647
-65.17062182328493
-38.95192937615672
-121.40963850034768
-97.04032670805645
-100.04813478569042
-75.89811809902477
-119.96310457363768
-164.21079295272793
-117.71985558826688
-107.86699665407838
-205.35217558652667
-103.40382524127668
-74.02765405889114
-84.1482855429112
-104.34545310065417
-105.02624131512077
-122.6074337398345
-96.24363339603222
-74.45502407103136
-99.43637037642038
-81.03967023893952
-105.34658249978723
-70.28347540494732
-116.75554231577698
-122.74340482258046
-159.95948274113405
-80.4237948873502
-77.42388941791033
-166.55152772369212
-122.45742496490266
-142.37957248908654
-67.88159569336466
-30.74473178959601
-101.654808542565
-138.6331528868753
-136.23266889170887
-116.6230625014193
-102.25057669864138
-142.92499565133647
-98.18197244758258
-78.02316048844088
-125.14368627904199
-130.49047550585243
-65.90219559273237
-218.70968510147065
-151.11700975673205
-73.82308620098159
-101.02751348590091
-57.777675911616626
-120.83835388184744
-122.9241835008984
-40.64593286180935
-123.95364218061876
-83.79831852490703
-78.39999136245493
-98.30601058481074
-99.20855836360553
-118.73918318329382
-110.11870070133762
-111.85277068591859
-106.89489532384395
-118.7331981412103
-49.620026634454234
-126.69295594098566
-82.86644004124761
-101.78562695729151
-123.10518440675756
-92.33986791320666
-65.68801057677011
-101.29571184883895
-89.89799120954264
-144.20879062959818
-234.32836338842156
-81.93935852271058
-78.87865171184573
-113.07616780595009
-213.78035856994904
-143.46029349763427
-129.23962204104095
-200.11230713443842
-136.33623793081983
-103.59903704467784
-92.53308514780173
-134.13849567026034
-115.98658355455109
-36.40049504211946
-138.92247459731948
-169.18150930190524
-61.594194379552775
-99.28301366242567
-84.9614467621837
-100.44821186160429
-140.0166798979099
-66.56432610573601
-110.52116224585006
-103.07967488077567
-85.19862814345402
-110.25569577646797
-98.61390193277744
-75.7185542564174
-169.13038370674204
-101.46869895392157
-111.5637707630339
-117.98380884294471
-79.52568940292943
-170.01898589825305
-140.37839815920955
-84.4666175868537
-65.86518542802088
-85.46655261127242
-136.36334309687936
-83.39432173456626
-60.54549391807542
-99.22236855699114
-74.62113923042412
-104.15471429207786
-102.02153958607563
-54.602630665423014
-39.03777964074227
-103.12276860767841
-105.81421302170239
-63.8987898996837
-88.62708698022604
-108.79803631576378
-50.522154732979104
-70.04978265297598
-123.73527799775869
-145.16883168069995
-97.44180491059524
-122.60370695897959
-68.00286169827837
-158.58017403309628
-138.74671244200968
-76.43503061629215
-129.64875820228795
-93.18332575691873
-78.37833666302501
-57.0457593188187
-78.20815515181644
-120.04627238301956
-156.27757199899625
-160.0183374761159
-77.11809904663605
-58.65914190248358
-176.1379329308965
-95.58012481841862
-98.11640988756062
-163.78547867056
-104.88829176795377
-85.18963258426913
-96.94207118091987
-271.60960572261877
-105.42520802302968
-68.58300473453039
-115.35043252922841
-42.5603708215647
-198.56461641230544
-112.35515395399108
-90.25740296768124
-112.00371533285814
-148.40059948627186
-80.22237595797804
-98.25402560672407
-139.97329908677648
-99.01398941091168
-65.47008935878083
-119.7081648952335
-123.7250612785285
-77.48749160748045
-94.64671037802387
-84.9811969046034
-104.9487095433827
-58.693941239372705
-62.40594012066727
-101.17331038331146
-135.91515679582798
-91.61757617550113
-89.6708554515829
-123.59925872901383
-56.8627896061005
-123.80748602076086
-129.41316010377795
-116.6659627821329
-75.18337071279609
-118.36561892788218
-98.18288590818085
-135.920370440409
-99.20841793955017
-126.61268479385065
-112.40324180585691
-146.72480843488978
-101.60327122339936
-97.43173522585985
-99.63489346643419
-152.5465350853909
-109.99427449951511
-120.53879121462211
-69.17994509287405
-64.83990928874458
-124.99068781311541
-127.04301451748836
-70.97176983399157
-140.82947024793626
-115.67969814726747
-68.81113318821536
-152.43009993837487
-73.3293386645113
-72.8916433691811
-185.97632792646442
-99.76732481137657
-85.30270676156024
-62.20155726492398
-88.08908678278671
-135.81732675582532
-88.03582925982575
-76.68437561180588
-104.58607048247806
-98.29887551794977
-171.04189353494132
-145.42709152705396
-135.98385368804674
-96.53116983026565
-126.61331469896588
-93.64750807849732
-91.71418803307688
-105.22033485497914
-109.24252535305664
-155.9745473344985
-92.8121415858309
-89.65177883462428
-79.62359762290238
-98.90978265117657
11.459425010123567
-66.9308990991336
-101.18292417973164
-165.7311224789571
-164.95840344766802
-103.86052310582517
-107.27648063609979
-85.01959421007463
-63.45516283117179
-65.51060133698866
-136.57694485502458
-62.9367370027924
-172.07779832966776
-96.24169098619964
-115.36990958178642
-120.02865395789306
-122.81923710411351
-124.46422046204043
-110.61955787963188
-113.28641582591372
-46.53894280496615
-153.62712404752392
-94.3648894599404
-158.51518619830637
-140.80455969685318
-161.33523619463466
-44.00385640426518
-114.42212205868856
-96.51682663545094
-80.58153721358934
-85.7834188868729
-97.49254606190154
-255.07581836930794
-174.91525272295937
-40.97412301159414
-95.03829701299304
-187.1363070085848
-150.56880843213094
-92.80403906347276
-95.57479475186612
-108.23114885111738
-156.25819599957762
-66.1526153637201
-108.99899602644584
-3.922185749270966
-74.25194025227626
-92.85728799874774
-161.9930782230498
-200.34413885640976
-86.93919592893724
-79.27628611837312
-48.873111313905326
-94.15110015467302
-38.4131331727215
-113.38438694298118
-81.94134959611796
-86.92415332006323
-82.75502116969851
15.026258870055216
-195.73600387910608
-194.23786121515482
-104.29290416935245
-112.52460546464886
-118.29597440343285
-94.58902211200127
-104.18092321364044
-54.676597482166684
-53.83253295694167
-72.31615984837046
-98.12526615521898
-103.47309688457307
-74.77303249145797
-86.93773560954769
-99.89804573489275
-66.69450826647792
-157.14947968506402
-106.63297696319151
-151.6571813085015
-124.24748954726815
-108.05889660378324
-46.99383553033383
-59.02592094437549
-228.0820819088666
-83.28994417393115
-284.10281389920783
-123.09503297803846
-74.52647881247842
-96.52090566668343
-83.42794220178469
-66.94685157477406
-99.97008391579467
-81.64215532110896
-89.19353501685768
-111.02371958553302
-215.8362020540447
-119.93984983964938
-42.21680231251258
-82.221653983681
-77.77769460899357
-158.04129843082677
-111.20565192108343
-74.51404707332273
-48.946357068057296
-73.90451378365051
-90.40127491776911
-120.92560161970418
-115.46254304097323
-79.36602326916626
-159.7286990430971
-96.06167949471458
-77.89821934013145
-115.39290797150815
-101.86154514921739
-112.12871178408705
-109.20205588723972
-77.28016709251722
-55.78317036261539
-70.21699498533478
-84.05495818996411
-58.20455197964546
-79.44134780622048
-93.58302935393084
-62.99667297557494
-191.48022227248507
-91.25627709233375
-179.91150976203036
-88.87787778031375
-101.87254931134879
-107.22028958595426
-127.98234984252751
-71.11710111774272
-252.4331266777734
-110.9843220339985
-92.59490738765093
-112.5505819480112
-115.44898779766453
-98.75848660031448
-69.12387274875026
-81.4907782574625
-56.29886199825697
-101.81412616841708
-110.37437424826831
-96.94976962972972
-67.25509568827528
-91.0092317048861
-152.74127790914235
-110.53517016595232
-88.5618001679076
-86.6025947493194
-81.18218270553177
-75.65571717279386
-45.46079949061284
-85.67699077326375
-50.369883741477615
-27.90221218259977
-54.77793234050458
-128.0044852109623
-101.93345857254792
-176.67067533944078
-51.01944919837072
-99.8761247147668
-322.8490609386265
-97.78850871339901
-162.54779533276536
-95.06204680159206
-162.44098346617727
-77.85403167324716
-106.83271092273266
-62.77091579028613
-107.49730982466463
-103.25724906615604
-70.59271345807554
-120.76944214852439
-102.00781762733573
-62.10841764728521
-198.64223609003528
-114.35729019675745
-64.08225733584362
-68.53574540093547
-47.53959513963298
-131.47948081052027
-104.45201694594957
-70.59021175153633
-145.04957512283676
-112.97428316572042
-84.14713281508193
-56.31027541247181
-77.22548637721923
-104.87007857485159
-103.2440839758444
-101.52237762614412
-149.37964769379948
-128.64511078906173
-105.6176150260902
-95.79890292878541
-84.16346830890966
-127.14889056666061
-120.48965608165332
-81.20602335913125
-29.91637877731374
-125.02988842152794
-61.15213198230359
-159.87096594085534
-131.83022059959464
-85.97310194979593
-73.96852149079928
-132.25150568520627
-159.28588326113874
-71.71063527040249
-134.11108087739206
-82.61779355184683
-118.31173722886336
-84.54072863566766
-114.72048636566953
-78.77840680910994
-34.458134729314324
-101.92423991791185
-120.06181322164856
-76.20700850054453
-184.31603387349017
-73.37088135345573
-114.4216604730669
-79.32220525370573
-129.88195540186854
-129.0027378309771
-82.60633530792758
-109.19176973630425
-63.690996741574516
-167.63504051365982
-89.7084174971888
-96.11753988987678
-127.40447898748191
-108.54598188510617
-82.7210829687291
-114.28449294291924
-59.83534189178964
-110.26577971989127
-133.67218991557812
-115.30650991813287
-68.74215198076179
-300.4678558873853
-114.40078397415282
-113.80210866147436
-135.65143232765
-194.26886388977724
-204.08700385365194
-109.93755728964102
-108.67810793327887
-86.03217413670347
-42.546332617535846
-87.5213436897912
-76.55332510854625
-136.23836932625858
-42.14605914616852
-98.41629650563405
-61.11966977796038
-88.61606938801137
-71.88221357498534
-96.33493079449104
-77.24880271726084
-139.7377180134301
-114.95986610456117
-17.02562970791159
-24.652774907817573
-56.868876863264845
-67.68799076488199
-362.18333458350264
-89.969230575308
-99.3380509845941
-64.61714562936707
-48.94990078046814
-112.4685186596546
-93.3010767565454
-86.65145739331399
40.43815450582215
-109.93174091845253
13.920792263393622
-39.52619771817237
-63.39133970729972
-69.59562642470618
-61.66425052810827
-67.08329070694168
-48.15693246205335
-41.753567370461525
-105.60904711266211
-74.99037146279218
-76.75568079090093
-84.91995883872059
-37.32709544249684
-210.3137868796472
-78.03081190580757
-150.16214808580582
-192.82580868031886
-158.5821279408753
-190.64722599079835
-77.08202202712172
-63.31855771501617
-38.9544103853255
-148.92075961354254
-44.06889823820663
-96.4752484030587
-43.7443003931199
-109.32453184908502
-99.73656966777936
-112.03278201927864
-50.50310721839773
-64.24335698059369
-123.72264011674098
-135.8572328051962
-199.2424714695103
-73.64077816645049
-85.20142594924684
-61.965569105158856
-61.8646821351637
-67.3591509948206
-82.81904513349946
-59.01408429106195
-8.373049349207236
-56.74353879169388
-19.007898171931224
-96.41553766874006
-137.70957042802542
-133.54548226253675
-115.88941446522884
-57.99932620811744
-86.67625300080348
-113.14041685107094
-119.81360698754901
-147.23439469627573
-205.28741318209995
-99.96657191186334
-90.47587470257002
-173.5367921641253
-143.85468851380375
-170.41001390461233
-280.9067718523658
-104.2049731071847
-53.2548502995344
-43.184648861463344
-52.037059236323806
77.26915847814223
-68.5968922740505
-16.260478282191972
-107.74586751369924
-72.11298068888726
66.43280907833767
-68.94204481849724
-77.18440239012395
-154.84247859672962
-169.7873891379489
-234.16081800361337
-134.29457544001227
-96.49968311594372
-46.26293726473513
-31.19736395969985
-66.71544243833203
-52.5176064749998
-250.7291001148449
7.403584479748787
-63.38363485554504
-62.101967696235945
-83.93179199587932
-83.40113122639866
-61.66506194511754
-41.06623276733477
-285.40309558863964
-85.20370534158744
-4.653124915501007
-148.7338373929235
-24.390260768685682
-60.88241682983058
-72.1242577080358
-151.30685677433593
14.285440152762007
-61.74238031230176
-52.15470200072518
-142.8679578454009
-57.98255174299186
-128.69357417017198
-43.90902093734694
-112.73664524409602
-75.86688940967477
-75.26931693183387
-163.35116775606636
-247.9127322706718
-170.33178326123345
-118.66465862276083
-47.02207652902911
-113.17055144111919
-61.32409526035839
-13.422999564896926
-67.6328256787103
-122.71739749013383
-126.218943513568
-42.66909189682504
-55.56151029729922
-115.8007193852877
-195.5037756519461
-116.97502772847633
-14.686536476674448
-20.334788180610577
-48.281873006934276
-75.66809484186712
-239.7673538560491
-39.904967566678295
-157.54725307056114
-35.757238937095835
-72.41956094099535
-87.63286785730028
-88.10962095532619
-144.01596477074102
-62.04017018536701
-56.78242969430081
-137.33726896368796
-223.58801311239893
-63.83022761165495
-339.58945754782775
-217.98445035436714
-51.35947535999612
-108.89517381928988
-79.33150759499017
-167.44470182460276
-193.88377443094123
-83.06889863101968
-210.34333759606642
-158.03570653233191
-33.79017785395101
-65.1421259287193
-187.78797541590353
-119.4989244213984
-31.883388994841596
-52.695873997112386
-48.887944873020295
-71.73105990142949
-93.0406255611987
-220.3490432460615
-137.85526650601034
-180.2778411211532
-173.62846054950376
-38.353505814277746
-29.9742732408848
-146.55598362184793
-254.65715791560416
-113.53592408530157
-117.92944398815888
-94.43574495659679
-328.09998535358216
-231.03478200344333
-58.04764256315684
-48.57251823394735
-35.59292898659735
-8.625437482503315
-96.65878221609208
-60.933264859072644
-6.224448902620253
-97.80691834898536
-171.41663040519214
-75.52003507381627
-57.10826540875552
-197.8755030586342
-124.25571326320988
-85.51303169995299
-98.96715850097664
-135.9358443886034
-78.97774521813838
-118.82806310954994
-111.04107708299162
-97.37840430995259
-214.51775853708097
-129.07591478574048
-237.9654228779588
-43.63131837536061
-222.23588229655508
-167.433243004357
-52.26634695928384
-239.86828514906867
-49.7883680502314
-91.86501278703827
-129.5723047035466
-78.8497054297078
-77.33785491378615
-285.6732428212529
-61.35667042572045
-17.19696817950045
-135.21328548550352
-144.03962399794992
-87.56678542558062
-67.42097620596167
-66.69397566626891
-217.74955285017
-222.50983963281732
-226.00054990053366
-105.02554153194012
-73.25847553209454
-189.43395649866184
-127.21796561150693
-70.5666397119156
-87.33707131280656
-297.614136658941
-38.70867801309113
-82.23228333370972
-111.83865012703399
-35.86673190776365
-145.4709771250169
-89.90510932020676
-79.07312432008342
-189.50390724551883
-6.309703750168175
-235.17159670551973
-144.55387031789212
-77.91219205824525
-80.83071599858043
-95.383705172789
-60.688181792526116
-39.90906398270286
-74.17581479876394
-73.81877608671292
-123.97324715175796
-101.94179876096274
-3.3452234654998136
-97.71967295127806
-73.20167593851997
-134.25571480888237
-124.7683273232214
-243.2354821595382
-64.08501671088155
-243.84703933038978
-65.72082144237586
-300.01375821640204
-95.9105589690023
-40.59336069711796
-199.29628930987792
-182.14103468552509
-49.78361664104674
-203.22974341233783
26.26513776253522
-138.57627422806436
-10.856221159138272
-106.07954516835545
6.151480208011527
-234.4486232961642
-100.9048762107132
-156.0351070427435
25.241600275714383
-89.00407300957984
-150.49488200435286
-185.15790050112065
-35.38258014402797
-31.432763412472276
-97.25046453872942
-191.33618856155243
-134.86114779750807
-89.81180593221377
-74.27832789906338
-175.53394033764317
-95.29842700018679
-19.70849358069991
-11.702277362258094
-166.3714134171135
-322.52233147472225
-118.68286947990921
-129.11761691430715
-83.8990730243539
-150.7822762570321
-1.482798471169943
-79.43657915468343
-230.33408413397444
-53.72449850137008
-109.49611025148795
-39.418633761656025
-104.00839607936335
-38.498051596256055
-202.32959742815976
-79.11165429651084
-206.81519493739034
-52.799029424703804
-207.93894616888502
-23.481214657631224
-51.86457084646939
-273.008529784539
-80.56285496355866
-45.08745846325224
-18.252140466258247
-190.72323976755402
-14.783227019224555
-21.06040621607142
-261.7352374275963
-45.488482533084536
-38.58845459554291
-93.90226821093306
-144.40802358958592
-54.27557668670334
-88.67660548629091
-70.25270603872993
6.061956906063436
-58.9528352409828
-28.076890447727592
-148.5039376798777
-108.96015823544963
-58.75653985732846
-72.5596821073843
-153.2131426989937
-131.68681507036902
-143.29390017804084
-75.52932430962389
-55.593362072619506
-199.7166561376258
-52.7533347447214
-19.25933918995463
-207.22735713858214
-53.79453212501106
-105.26559976581416
-212.66574683552722
53.1721738235027
-41.5154382395408
-44.84074920396069
-63.46597597755001
-104.44057431688714
-186.53357212426192
-35.000480439593446
-75.54501960033008
-78.31649879086567
-265.3630910812627
-71.0087004932225
-184.5292861137802
-27.66425557153803
-133.52861544578082
-113.91743304666917
-187.99015810893127
-262.8450779261824
-70.27746785667792
-44.65163098691173
-53.978952394152024
-185.9913209972363
8.781255009803061
-53.837028639290914
-16.484851116789102
-164.74838465267885
-34.27388094340779
-170.16797350627238
-65.22472279260916
-182.69921192037634
-63.47063822719742
-56.20963320420844
-147.73742978413748
-60.09720052449396
-183.0324649600824
-35.97658715197953
-77.73945639290554
-163.00070760464564
-128.9923974797864
21.36398796389642
-61.06363121236042
-85.56131124653757
-278.91867525010986
-56.18874937517246
-279.5893938813639
-264.48456577043373
-78.3101841294634
3.6946973464951043
-79.77013375741669
-82.27740597759306
-197.9361535246615
-50.04117784232044
-53.02925938006935
-132.91125554713756
-191.776505280911
-127.98908400678764
-48.771549860946536
-159.29507745206047
-253.6091612897314
-199.5079113347049
-68.26223533948638
-144.03076360683735
-128.73472493053444
-56.08230238314778
-274.7710204853494
-77.33021630026644
-27.86657597513301
-97.71422408256285
-263.5274484086315
69.59290330212296
-104.2563834168925
-94.58550207044944
-199.95907177017983
-96.75471395251789
-16.26969216998407
-151.39818728523574
-120.26994698389086
-0.8627746320131093
-82.05978615202157
-137.84025145081162
-36.967491906497784
-51.21140109929069
-134.75783086247537
-72.67478094722827
-140.57930813146126
-94.701279512113
-121.0896802986756
-111.13040184092371
-49.18381418637003
-116.07521009505278
-16.754227604666056
-40.31170180351607
-42.29973715238126
-35.81774818824497
-147.62103905806873
-119.20488853661791
-250.31449774748867
-154.1807025752264
-163.88282494880173
-100.4130572160515
-167.80013121514094
-52.36767986747869
-160.08154558691507
-29.242120155317906
-33.117604655632874
-110.77876658905194
-125.9429962167817
-63.23949197476702
-245.90072482901098
21.23881149015922
34.35184638794052
11.337876545336051
-11.492535537846322
17.45212487763724
-21.18636012673526
-147.77980359143874
-113.09363800571579
-73.20807566050982
3.4034430958871695
-156.38182798030837
-229.7599355215125
9.360841713313967
-35.66773306966786
-8.971349744670363
-159.62090664339755
-183.82007600066365
38.1918403078023
-10.345592443205447
-86.97204264386222
-6.839130743113781
-335.52129781453084
-18.295990215878348
16.299643508138374
-328.9877270681185
-87.86326279883676
30.912966608467336
-263.32291668597804
-12.443531239479375
-115.65110939452428
-35.36158866200006
-215.9296073704672
-168.56553194603896
-157.8215548681374
-48.07952613391578
-144.44450034734712
-86.6848672867774
-7.789452508365343
-254.8103878951773
-108.70290020127827
-6.6290596525356165
0.29308882581484497
-155.13385996048916
41.91352521737468
-221.25183692850234
-11.848211622630046
-82.99032242353906
-49.60873691545903
-322.2800501629011
-133.25912584577844
-50.64112416446207
-80.55344070292833
-115.59349092554974
-38.459308887188975
0.3726288327110723
-66.38211329683287
-111.89138922070248
-26.176285948370975
-183.2275399792926
-43.2243826101689
-83.91258239389867
-69.66124965912076
-142.99983569957683
-14.67184921931377
-16.98481152834026
-216.84792890887337
-121.45484541681063
-64.04246854373615
-23.68798683226656
-205.7580166002268
-174.23696454106704
-214.26760600334046
-44.057453189110305
-58.23432137686298
-71.82971305716153
-52.79887172319862
-86.46722287708282
-61.58384376137857
-21.442040470311717
12.333758982315208
-34.86924585666297
2.309286958679335
-16.555682120227363
30.484450393710347
-42.69365577547647
-44.34935754757443
-35.2338436593046
-15.474411408739101
-36.411009383262325
-149.602161641024
-147.76942191155212
-114.57709213763738
-23.41397012081915
-31.330428586363276
-21.118507437118375
-83.8030024371127
-156.08967183622974
-254.8024255321311
-149.10938192460637
-80.31116518029533
-15.200584210041502
-45.4297060267842
10.052288980575316
-18.443245460892584
-66.29165918784594
-103.36515352254857
-60.37884727410629
-69.74281425917603
25.383089659938122
-142.31739591125069
-44.32983543590048
-130.27824609675088
-20.208129738167614
-87.86856166798279
29.207512803448715
-214.20803343610828
-72.61381241830954
-165.47745417427913
-184.6409209790914
-147.95966979087393
-46.51067630366495
-45.339508045100274
7.3726867419769455
-11.297200555779469
-68.13653891503476
-42.34237212001492
-62.324658772399296
-74.38880770833089
-3.514650700155154
-14.024977619856898
-88.51679989852781
-85.65559111879594
-329.04608588636574
-89.70484168831787
-66.66660071610322
-171.45813226877632
-67.8914390991406
-115.3935499921878
-97.78391265189022
-45.98434846726523
20.374485607338258
-2.952968646836962
-27.837969782729864
-1.9053546150112481
-77.39333600617435
-240.00911605631154
-36.637672686353135
22.64821404380671
-79.97606268212594
24.9202548707879
-8.871611640716598
80.05954802743776
37.69782465320185
-39.23275156988212
-180.33234636160776
54.33940657032001
-104.29353053985783
-7.490909032634512
-54.343220610974896
12.462692598184432
14.525603542021202
-0.7414693598168611
-34.772665395751815
15.817566910529537
-108.33890637631957
-72.80739695921699
-86.22453974322909
-262.3733176816745
-4.712602550123535
-71.79786475607311
-170.93050137538816
-24.332783581623882
9.09516707414452
-39.94506948111981
-136.71050317063407
-29.29687461728213
-93.68356244002133
-29.12916576424202
-56.869462120874154
-2.062344725258612
-98.57010493670683
46.151609230549994
-27.447922024492733
-243.67284301805432
53.6470137619512
-75.97765233080855
-73.83744177797989
-13.798959399573153
10.54064737216018
-34.360830371018906
-118.2386406380709
-73.83390084186745
-58.28199212264353
-243.09408946765294
9.290377963549474
-17.78910688892151
-33.91535621770514
-28.698734172565693
-133.24620171238124
-33.4080671691395
4.694639667906216
-239.35559284910917
-20.402260545592753
-228.89417037219513
-4.341757535546911
-135.06004154059283
13.62612801877107
-69.86470142464808
-35.40151197305905
-80.61537771213824
33.920221646043885
-168.10243392738244
-8.904046645424753
-7.287698349390141
-93.55441308620613
-26.826179465798845
-48.72036951049376
-22.687260031090506
-97.92823102688155
-2.648731361753973
-47.943071115769754
-15.986820680650553
-90.15452305811289
-220.26496816902585
-77.47755895501615
-36.789590348654514
-64.69758705500075
-42.18238233920103
-45.23743414899245
-25.967390012569826
-52.96980752709425
-20.54846784109038
27.490664648625398
-323.72318942399926
-120.75357771266576
-81.64819245329379
8.444516063588468
-64.68781080775015
-8.009205116037528
-74.68808792708332
-39.85071222889424
0.7031588353215259
-84.59554892825501
-53.43433659234441
-13.46277090879627
-66.76767043097142
9.015139690034161
15.568891394265378
72.40030348884926
-102.71904553388657
-24.829587036802646
28.202535620571016
-182.25084335360714
0.7180614298707431
1.5663046944339314
38.77277078988387
-48.01548542650433
-51.84570464071103
23.08641768335535
-134.69602300914556
13.664137380668258
-54.919378060006075
-35.90610570843269
-24.280867675477975
-57.57116053178664
19.280615187745045
-91.32164691225726
5.140570933703415
-109.08945213564597
-177.30374887200992
-66.51784442672918
-208.89695384888194
6.416321094349875
-62.145231734455635
-13.433660556248686
26.616204519198536
-53.38233327132887
-161.23665561312652
1.7093461129235727
-32.255070697400626
-106.69611654874575
-26.129647676861072
-119.77301280244698
-191.78526469720876
41.228115093933056
-4.064997030846875
-27.11278078410615
6.952580398857506
-14.065449370826943
31.583485852447552
-150.04986190533114
-29.27677321977404
-13.588433916791075
-32.53128087265442
-20.746196677412584
-243.6585404441046
-25.446149519662455
18.09612189106683
-26.511320622241897
-9.285789194239356
-187.18390891257354
-6.788203420527758
-58.990261045227605
-123.82259505572519
-35.372537588506006
-10.564763407565733
-4.7678706656859315
-195.8808983796714
-108.45386384801236
-12.658200699134014
-54.274624247464594
-158.83656573766837
-16.149683888316876
-148.5644594877458
-28.798529929132787
-79.64820615460769
-81.40100162022159
-25.791723241096534
-65.71063214319837
-100.944459051062
5.530635796588598
-9.567276625779126
-61.557051678365994
-28.725068969324077
21.844513950154
-109.8852384055109
-30.458983503555004
-57.76570624013329
-29.034917708398467
13.753841131874076
-37.79991660458197
-69.26553525011299
-25.354696094519056
-50.202399962621385
35.27767071544024
28.459379991053915
-27.60829090570735
-23.968725649671683
65.71759149287952
-38.63506048881821
23.524665373920215
1.5977338644944439
-21.739565474177695
-80.08598283564965
-17.49165977347677
-38.99719857134137
40.4013597563077
-181.58892115704077
-118.6450991982759
-12.11087480972958
-65.01360088430549
-23.17765314709414
-15.732867652751533
-0.24781135588944636
-21.57776738305533
-3.6975663379171095
-55.082199053416076
-9.920190789001081
-70.4165504021178
-31.150864346578654
-46.63555377816344
-29.867986509941474
-114.07734811114905
-3.379451274071563
-13.461511734523953
-9.606321971841755
-23.233525673601324
-32.82659593215684
-90.54820591349834
-164.0452844954466
-65.18488956068418
-103.01323451621656
11.65933151518727
52.20343138538314
-81.13095830568929
-23.84809623496468
22.00285106954221
7.766833665863587
-45.66405316095535
-21.702325919088498
-5.526023565348709
-13.777029331290407
-68.6888336395858
-18.620158560377583
-67.22650584273919
-17.152330233871496
14.973085892375472
11.215325359279667
-3.0268228904674146
-3.8102299074427854
-16.45717726447966
-131.66295799321912
-23.85653296171224
11.555191354253324
14.306859396090932
18.845406307363376
-3.930833509131375
-25.249302572200094
-15.836043320282286
-35.768712318997345
-53.57802226760502
-2.439197202629785
-24.07648185214216
31.14742172951466
-31.36936841676136
-108.44895287609761
-71.72504703915794
-20.77052115432219
12.302994034479061
13.562507847526518
-81.36420975423793
46.138561732709064
18.29929923814437
30.591298632329767
-71.62452678337695
-36.21709506076452
-22.214657875012165
-146.87839648332513
-41.04822758684077
-1.8855748536610548
15.529547517577626
16.726209251924743
-10.97130970500065
55.41277095573993
-4.171648035986269
-179.1277660608157
-11.206016133792296
-5.2005520999439625
-63.253778674846764
-18.547670407501514
16.126383927559143
-159.7689058845341
-33.78228038344848
-48.44037460032102
-29.82856330045942
-5.201864938036506
-55.270045654953435
-39.7151449730508
-22.02743403462034
-77.34128684464875
20.56036483265142
-35.46722863913999
-28.87824240760264
-45.06435213728717
-16.29975938606283
27.374305266298222
14.023112498899689
13.427740790388825
10.079791864380965
-10.449392647254442
-24.550702031158686
-26.97898859846677
13.705322358229463
-8.978550308321259
10.27115836861227
29.421264855610055
-2.310559361733688
-4.788561722896546
-27.693077785860034
0.8779552423938917
13.38854848867368
-39.63385167065458
-25.103263001650348
16.218405389606847
-55.76107775055584
-76.98567131738628
-18.593741459654147
34.39579013804134
7.355857322715195
-26.609767770346732
29.673736721695597
11.296734134624415
21.61575818400815
3.9759092727980203
-53.55576061716697
23.70588468505212
-28.801124440273156
3.184410305290996
0.5744808160288208
42.87182209313207
-284.1481418568043
58.06708356509491
16.998377555871194
-40.03455191992377
-278.872370546824
23.62719934770082
-1.1593405520089703
-20.05341175357143
27.811098758389623
-27.46705220773302
16.706692329717377
11.792841594421034
-13.454130994125961
27.222904425891606
37.80808002313199
14.434273169295892
3.001423223309601
-0.5364400487148302
-11.421156388259114
62.908634853271366
-27.668921792013926
-33.26172909437935
-24.282358922486615
6.295548523377612
-23.254223574251647
9.779606495937216
-69.85566005133035
-7.612418777285612
-25.871496623818636
27.829633887076028
31.300168790728097
21.162568317275714
27.085265600186418
-155.81296746902188
28.973922177646983
-6.032580419480311
24.78683670803334
17.67078770962698
-4.957550590359091
19.723472697978963
24.198587723218772
-22.407105031628603
-3.2683744668942207
14.221967239980515
-32.63043450686787
10.155102155575733
11.341051134931597
8.35490955550942
2.3496167554922778
35.09266031539741
3.472188904275482
52.53802731563039
40.40288038078113
2.8086203856993386
-8.097229298675796
13.41453954294019
-51.8039095106362
10.576069368078727
38.711241895370286
45.61047617010776
32.25400504208386
18.830781909024985
-40.036989383920655
9.440522682145648
-5.107229287735791
-8.425065558298279
-2.0673881759067614
-85.94546099593728
6.436656780824803
-1.013917652085727
-49.26090854153017
2.4712735975315923
53.96868738146064
-88.09289663894123
-58.624468500765126
30.98437677176996
16.788628621651622
-67.37961043269203
-1.510975374146554
-15.758845331562412
10.310653326461917
40.744328851420164
-39.655359844537685
-29.664289461418917
39.034636911337344
62.3198668023798
33.93954281594122
-20.76161508032873
-12.755113323252054
43.24489127936154
-36.634736647094655
6.390944603724183
13.257432345927365
8.468859783959644
13.930480680781017
21.438765207113278
6.196452720273072
51.97416432828678
-0.7377219780244673
7.933936764719192
-17.183339207454495
17.0617076698382
-9.98195578367828
-76.38375898771702
30.486617043825202
-23.325993952113507
24.550709649600762
28.348193132540175
-34.345275474694205
4.705758668718907
-34.07895224326859
34.592548292742954
-15.439377683814058
-41.132448691201944
15.867602572992368
38.814127790815114
18.207716048721856
49.68328790400924
-28.645342896854068
-39.43506451290084
-192.71098796132725
-47.0962828361877
-70.83931756763039
37.12774731522461
-149.1345377229989
16.11172515717225
20.617258033620914
14.736586243453335
40.96472681123808
-22.739422215805227
-120.16058953337284
-14.7488510001536
63.88043829748481
27.792283243235993
-26.800928727940743
58.39502651412677
-33.13486409673895
-1.3387191944530255
22.98988237612008
-9.202234007240076
43.29186223350074
7.197802192427012
62.07773550952601
-221.96162716711706
17.32581014792757
26.45901892989228
22.54129689544159
4.534013910236619
-2.8593382882026077
15.304758287745273
17.361102996791775
-59.20058318550775
6.641206331475374
65.75066100105323
8.643920664552404
25.07651159112707
-151.01911614675976
-15.979730011185062
-63.907057837699085
-39.778311474837984
-244.41984310981542
34.055423534328355
-21.194412595564273
-187.83232941834245
21.347108350460182
-35.52531397048655
14.102015435766795
5.636787169279103
1.6204025830296445
-9.48008643344432
1.9997095601993422
-191.52416623894754
-130.2132147352753
15.020043677456322
-221.09453402284373
33.28360193124129
23.14396215469034
-93.96198657832821
-20.11223723245697
45.820024301292335
-246.4234761296918
6.995918889335684
42.843986785307465
19.837923242812217
-128.3441043462995
-35.523185579109835
50.802920022772184
-60.83138804044874
-157.04690732860283
-142.15341858097474
4.421263432102307
-0.17205257037298338
-3.282885333922204
-64.96230126021324
-4.157025993293544
59.87475070709742
-78.22046614848709
-56.59499468531206
40.5235075067294
30.853979885338447
39.202756710965815
-4.733203644129432
15.952017456124025
-10.267991590511258
-55.741915909195455
47.75981856228728
41.45295288515037
-19.375625597747685
59.84054167665656
38.096043870718496
6.320466909449088
2.1042228040511333
21.506498785401988
32.67806270084526
-65.67563274704406
-119.72379017221256
-10.760787080055799
43.61921597263179
-134.7437343616962
2.674803262997221
26.569384414654316
37.89859522134914
-227.57986017004708
-6.633911275390964
35.587398559065896
-8.221014920432424
47.270421747565734
1.5550266901847287
-0.32043044129054365
5.619021272655285
-58.91313497469849
-1.9521473451970905
5.669669063862983
-37.822852151070606
-107.92074755685745
40.781665825496674
-38.00601654411299
-191.76581299818585
33.132767164033986
-2.282043908111447
-189.2915224909766
36.6042924213605
-80.55726534240156
8.023190299449155
-21.787401227830827
36.35966492638464
-54.180143649893736
-16.65151026985879
12.984520194506118
-35.86269876889203
-2.128413865300729
52.66768558975378
25.07912363701817
-0.311983782230989
44.9637753089154
-4.8722766216139775
43.84352378595085
-43.15039827737142
-4.1368700311506
-38.17347095051717
12.842409402743884
-3.2457534910603663
-4.360969225826196
-90.88445873800612
-64.42742552158528
14.267782141379172
2.023730795910801
-66.35535941748066
14.419598087505662
48.47445752997126
-23.49287811059638
-195.8306100718475
-43.57173027989967
25.94939952565069
3.592051006794037
29.243860857014475
-46.42111713775233
-20.71960674384424
-176.83372269418663
-59.86336646110243
-3.08660176541774
28.9913959917568
89.39931478771159
-39.25597107223422
-5.164241702241341
22.77108034060464
-45.326868608773424
52.143566101981676
-9.442317042675644
-4.673251094449995
18.412774338276343
29.069598901805936
5.2432792861288675
79.40295441239314
-177.02337934980912
14.961000637949326
28.509300031108296
-20.516810607084707
19.238690613540747
-30.0428834467401
-19.008458395915373
-16.00264240669948
65.14446644210751
-2.427237099013844
22.846844191674986
-37.03121787695416
43.94338203388094
30.449647837379047
-118.92312768545213
74.9537801127235
-8.63744276230264
3.035532058967803
-28.97642973821162
-14.293536398325635
0.048894007040799714
19.589971238823473
-10.128960759772681
15.578610950687356
0.6390507745188927
13.429145327649312
25.300436429311667
10.085683037199644
21.31581314175513
-33.37284378396542
-11.21160352402886
7.645514036284112
42.62316893582859
39.95983301791702
-25.196959580989507
-120.76200206574174
18.880942879415414
1.4819198369419269
-166.06553271179203
28.193577778443256
-68.20867833565961
20.405924023839635
-8.149280977278368
6.0708418160711375
-85.66967113264573
-47.33602473100623
-84.39220092160235
-16.645603846266667
-13.636513427167174
43.00484560029997
-43.06214773508988
9.921731810115489
14.590299282455172
52.7450350267606
18.08579527434324
-0.722747968499104
-7.7113587458889725
6.381089991961957
-20.818097448523375
18.612953181280574
-53.80572580197264
-109.50136519719506
-90.50259487400096
20.741517477016263
-52.58728973349669
34.67174237528646
-10.679767260529403
-17.235551083435617
42.84862600364953
35.3295741505316
-6.044105197573771
-8.958127912388392
50.559574747805854
-182.9074045654153
-29.33691971472001
44.85594864516871
4.770145937347323
-70.79503087148464
-15.49071433178837
14.297635215516422
43.85587928875947
71.89046411275747
-48.69030588797818
28.295384420226213
27.14549960477217
-69.54911948654909
57.40464079287893
-2.492908230996271
-72.22753720768915
-77.71058761489326
-152.30316620816274
-18.663103782718366
-146.18330442609775
-38.431865176135304
25.10771449987226
-6.93842869310015
11.1299551649645
27.22030112121621
-156.25781870624004
-85.02777582056517
4.333007470148331
-141.79194434896158
42.499971809698714
-142.65636434630636
2.189817924230171
-51.05511470862854
-25.208961438617692
-32.03165370491791
8.82808272637098
8.629579445374702
-53.52938450425438
-218.00203536463692
43.77681553945561
-14.488394808220995
-19.012691568693455
-89.9704052004982
-181.9289372078494
-116.672851962115
-143.78763350265706
66.94968751908118
-99.93512922379972
-171.15729586565533
-33.73050734953539
40.16860998255539
31.54738784017819
-162.48733211716615
2.78931447021003
18.609455066979436
-72.81917087397323
19.703047788511512
-18.310255990917387
-179.50356896308253
-192.6528053672085
29.35827560008542
-12.398484974302548
1.9129991337897962
48.848136458456594
65.35535063860829
-67.72057587837952
12.116240548141022
-20.171437744798922
-94.7518207888892
-22.215835010351896
21.584027412519454
30.830589564641095
29.70298460726012
12.068504466179604
-60.06890699814514
-20.44679978256312
-4.867573025200548
-25.196735332314944
43.41786037627311
27.267865912578216
17.121648100016415
3.5574675921597354
4.745146273715896
17.717174405594974
16.253042816573924
28.315666742740305
-46.43602598761431
14.2249223464637
-22.700794789339483
-11.720704741075487
-79.35363195826815
35.90119188246139
-3.897098689095529
20.6900445455166
24.67045086381276
-8.230376450225151
55.98929989424738
-31.370853358949702
9.697919262161378
25.85353615563467
57.59780604947804
-10.906031748783633
-82.5572888754336
-63.44371029829469
20.82551404150722
-292.0648623258526
2.1537226047559557
45.33669629539395
-12.077694206464088
52.963451513521534
-22.651051176432134
28.81534376493628
-47.00585394906421
21.269542138027404
70.34799911030007
-12.299407124471301
27.793755365900605
50.059407534702615
14.099583706674622
24.37566670854926
-71.96815277531981
39.70813536542441
9.540388836338835
-14.719657159588479
-16.593144140220097
44.104710282947565
1.7200704190244949
-10.257180920383178
-24.587073058142153
-14.603327549437878
-22.91217854518939
44.103052865563924
15.953093989609144
15.998475861962298
-3.3838518796169126
-186.3954914419396
-46.70459280010988
48.8296789269873
12.291802634388432
23.15437219238312
45.92857898816081
-281.49792891220454
6.959565497905828
19.58511084184161
56.07629027121929
5.987336001451325
-170.40680762550204
57.7947235299133
34.91505914970412
-26.654374263355592
-41.95369686196224
-22.746921810876287
37.49378515181235
-1.7769082343167781
12.975053883141499
3.7631577668057545
23.711002410714542
-137.73044795424505
15.714471828067467
57.17218970347257
71.86591046243798
-237.64326745397318
-15.583963318670804
26.989577667802415
16.19003313954144
-57.767943375765725
-80.61003143131663
-8.704931591189734
47.322567081140896
42.56757596926741
50.13970950159229
26.273373683668652
50.89967214619847
28.050829840965335
-250.61754351860375
90.72658062294366
27.455387596761682
-50.16883945603094
55.472493228681856
-55.53590128309369
-5.9739011575394585
12.223539007301639
-31.19045400506355
15.500130312167961
29.313749210645895
56.26609773544749
-1.9977832857878575
68.95136401333644
33.41567407997783
81.4921405789614
8.758357474288943
9.082187246943136
40.86711984445445
-21.72197672127507
66.0923997218687
-11.013549934098698
54.71434850067888
46.088922175117574
-7.349071456197954
71.20530884645228
49.647120795783934
25.0863843345046
-3.3510100568183123
57.398970497212204
51.073943086956014
-28.4493864946486
45.34360969377783
-38.45515450627747
41.42185009869615
14.302030917231647
10.182099137305933
36.706440306951535
86.32895140066609
6.856610552440287
69.35783305518487
74.3548255917232
-52.41802980022169
-22.263560405325023
-14.720862612710057
-19.74410319799445
44.56531178339209
-87.75031947829999
40.28727456659588
22.88935451532418
33.966038643495416
32.345176744243375
14.031058631977412
37.22006400815032
34.35242354732812
-20.322862882968558
83.36023921449032
66.2229595569074
61.84736058149636
47.18504913496369
-55.79434312827341
12.764269696014418
17.579741616100932
34.50447304678801
37.34511596712456
12.822671487342149
46.58970964077266
34.38430618826837
-135.17008995121452
35.678596511139524
38.397417831801334
-108.00975771672091
87.65854004036464
4.2143920731437845
0.9660654993045057
73.64015479269295
-8.73133938350687
33.78127695535299
24.26762087431544
14.692467799941014
8.84633809826348
5.526459833639333
34.03014524823993
66.18455281868125
50.767131877075144
11.048389386821583
91.56677722667753
48.86572948465397
46.57919585968993
54.1207457553228
22.945160570268996
47.39878121222553
33.795641263866486
131.73195577111375
81.09968253842108
83.33052056645505
36.49876731435985
4.9337972288925585
63.27968286090383
46.3124463217483
66.39054890027978
37.46829188290413
27.15595397619549
75.84391552730199
68.82702579483369
6.90576710884006
11.71216282804135
34.74815660684877
25.813164519206836
87.64647606227567
11.925772524788627
-21.336552942301125
-11.61044334089307
40.49348172090233
22.74417116007612
22.514697465225083
-153.11615609104078
58.28016386488951
-30.061818710917784
75.23310125781924
-103.83501233533403
-7.6679314347426635
44.10572890390303
74.93043476525412
43.95481618238206
39.302036416972754
52.10685483538448
-4.31446165596849
14.318082642946514
53.894169634445255
37.59920633546167
16.817266906287074
99.52275578174581
80.18907043176506
50.78978342922035
32.859457806716364
54.36959501608928
20.69660700708534
24.46456321367522
4.657049336688523
41.80452297806448
37.92476683674917
51.13986488506786
21.671503823014348
-28.826822614777328
22.263600260719258
48.48113110559194
-28.028017187299408
5.867926083664038
-27.839995853405807
10.227866603839296
-7.751587957799934
58.51214604401059
-12.471565257418426
66.55933661557067
9.018766277057502
-21.887979891616446
-170.92119781406168
67.85639531486697
36.75414450971387
24.6137832864472
102.49485065342687
-11.534250550458534
65.30187709247477
51.22964312564716
21.53096205688574
55.33523986872154
-30.74362882684352
103.46436350469816
93.64394955556635
52.45029055148737
41.97314201183072
51.41777767870759
13.792838409933836
-17.508703055473468
-9.849661117129951
-21.716500152562787
51.56238850257527
80.69081233436856
24.37121823884549
-36.06582893423699
78.0675655947794
5.325496349687716
52.093507815321246
40.609930568631896
-6.444928356044564
15.058920307679578
40.30159996102054
61.896630128760435
44.92346883165971
-3.2847359863284105
24.245368968703744
-55.07895659168912
9.281599111832175
24.665890609234957
60.620604507120085
8.40925156953272
13.808959424396729
82.61634839133033
-134.3077720879445
86.06919557263744
103.37019019452154
1.7788192894014507
22.683808276691956
-21.30037692999014
48.59487828787526
32.267063858180855
104.38840344510761
40.446249678855224
94.58072466060196
36.86155616696426
-22.07844249404306
-194.92136984899375
-34.189935386722624
36.56596267920074
16.93331223293328
33.40446352347602
56.38729640747516
133.68833246134687
52.644219011307236
74.14542428289101
16.86698550771493
72.72217049622141
3.025167175115527
62.11786708149636
-25.72563356603265
140.18920096155375
111.0177114999151
29.019563466767075
-70.09950924130074
-12.283848876084232
29.949824759235014
5.7496643241291245
-83.57313342931616
-11.362058875743045
44.040138042647996
44.691463331846165
30.94258918024576
71.6085674291963
8.485478504504854
-5.449370555743361
0.3876742853923103
83.49978325655306
26.411278336192954
98.79432904380528
52.92687702785634
-21.278352465827027
-66.46705544946035
2.766521236256871
125.46817239101375
120.7267691429828
19.17080737935222
-133.527585226511
61.319141210320126
-6.557159149886061
18.894046521420897
2.393556603234316
35.52328354368357
52.67596150171571
-26.206891715174095
85.42578139453329
-20.26820513542742
-9.06407492748783
-18.21307108190789
-37.32779437979567
88.85490464369039
68.03078720022822
50.00368366241243
24.702181859991352
116.63796614045452
59.6744382278966
4.677159583792765
134.95182872776303
55.772333318181424
16.259747261729892
-17.906216094149823
20.05884164541009
-37.853310693082506
81.73180732847442
-34.604002605350786
-0.7234321219751365
-76.58344029769998
73.18715079170425
36.13196280373826
75.84952908115321
75.13880936000864
-54.344114958121125
30.92793954467746
28.36061645284977
-15.344272912229435
135.86627949320294
-4.490718398294987
101.88562276260474
63.98514562712308
54.51717668911405
30.252420564711414
40.09542888164565
-27.32215119153402
-103.74306416793519
-43.72618081005707
93.9222905124337
64.06717577048789
65.38934659571174
18.378713239026936
47.40699115443336
-37.73052552641709
14.331195638727653
25.543725677010556
132.80821360369217
18.522106801383607
118.22352123686505
-18.235977173822995
50.45030884986568
-159.2344398525506
108.30337079367827
62.60063929291577
7.220117031920239
27.268929627354122
131.2870248497344
-3.9895409294068145
-217.1843048125643
101.1738572792526
-14.090102498042725
6.708516466109089
-36.856739118931884
30.47040897521387
62.843147554519824
111.50937513986857
13.333106288873052
6.832023309459359
63.99621979288493
19.528262282170793
18.312446458823203
100.03721519280353
-71.73729222406882
-8.510513586354946
65.95236153806218
92.99441808165355
-52.88986369574879
116.56960956057654
56.87766134191668
88.00368167900558
89.72082764758655
-20.13057240262134
58.21136289514133
106.14395058133506
88.95104028545705
-20.913146906781392
80.33171209399217
100.33311014387195
44.865478328764155
24.947644515466273
-60.86455288826357
16.037533134784823
24.44444615880544
14.005447082943093
89.80579478656504
-28.095700205788667
-19.623984300719854
-3.365735835093254
114.87784405150276
19.265470413612665
80.15676904877017
34.67627408439492
-33.16581049945702
15.075039148621656
111.85368867041763
47.75198921492433
48.31553973560362
52.231250210006635
77.02481934566943
88.03234623533416
13.25505944804107
132.36649267887634
0.8557508809006569
21.649550171252848
44.46752598695268
53.60924900375791
91.51395338165497
99.32324583205016
47.851539884969995
102.72561026370043
47.98727079702748
-33.5665444512525
92.59922628970571
144.4479288207997
81.51047773377749
-18.059190068991043
-17.60686085386159
-10.841329174336728
-114.19174453385878
66.00431028907447
-26.954735149812212
81.64586452828962
-36.44315592978558
44.62493824289126
65.72675680127298
107.12798588766458
-15.18780004980293
34.54158220236146
107.70769590498244
-166.849829345645
76.02687748725211
32.07010425505869
133.07681936292818
74.25153056726838
34.51486356520624
68.79818856276665
7.901639512030268
154.2375535810878
74.21722285459717
-30.18228040885308
-3.597876634542226
-25.461286007655048
50.04890678287709
104.43701411108191
55.46822922533046
-75.9179195383086
100.66975367826578
-68.53965710671764
-22.68658143677108
29.17093355056464
-135.14611417570205
43.39929029058973
2.989603251355689
35.42312181196111
-26.88197898410079
11.1589852661232
82.05484349250321
33.637525225971416
-31.516868757294084
93.10481750472789
-96.10683006967076
98.31445107100349
72.96629346060746
28.348015856115126
26.764555585366537
11.752197951922923
73.71402424783403
56.24684896311787
26.475535292606367
-74.6287651091865
95.06806267057
18.32931827096747
90.72104690081517
60.77793474520245
128.80818746098092
147.65979501703634
89.22073942142823
23.90787788382375
89.44601032053795
120.65101417249429
2.332167288250858
8.475092554705704
82.28247013221896
60.22449043784026
71.31138135983623
15.281191161428957
-142.03071478382176
12.304228030350956
138.2645857834213
10.158499063557947
86.73535750974708
-9.680939374630867
18.071578038006628
134.5662989904551
31.81134012188066
-19.014890079766865
-11.768468247300419
-7.2868124880360625
45.46725875073169
32.54741171619334
118.23260405609587
-2.964385227435166
-20.8739624294315
30.376740226319974
36.33592917355958
-34.28041120291149
77.66583076469578
107.25696961751139
114.04584043760607
-26.700735091434694
152.15623194226723
19.861593099105768
81.49165675233947
21.91323766210226
114.95269881935562
-12.938551209732054
-8.502742415706958
28.46591556146734
35.80170138176913
89.6624041495173
94.36059381027354
139.47248429658103
-40.74471721295489
24.599957079831018
-3.586628237904689
47.228287410872696
-6.272826579220158
53.25480173202685
-39.92752728644954
93.71885922324066
66.5178058943477
122.62121085803972
17.135548961030302
33.826624913403776
93.1122047640275
58.89269367952234
127.96286175530254
92.36305217258939
-7.299132769220321
134.15500344943052
-64.73899810740164
69.73527311541989
-13.539132174661601
96.476919892389
55.759002042414565
85.20947354441606
68.17357986382414
112.64175985629531
-123.10800554413859
117.78030166260682
99.14164160195962
28.744643280048393
64.51125540822423
71.75184758571238
9.825421064899185
78.48855018930746
-50.625788079907736
87.77106330517462
94.85880746292389
-1.5339577559463962
81.89790093469227
68.27194694002826
87.49500615103155
6.555714803177601
29.072836962884395
74.99056762948914
3.7161218864090557
-6.311483627026561
145.13636921491135
95.58414045610849
-54.89114022356321
120.29535473215404
34.038148242059215
-140.94925523119264
137.14780889808372
86.95717454751055
48.60721050151268
15.093953067397848
120.22759183015485
37.11211056044927
80.0634398844005
82.1981240912911
114.2737916774453
34.35524236368167
17.994490531248857
94.47122219633351
32.499145536095774
109.28745303348364
87.07880191782193
-80.3889310226128
11.992152182850482
-7.118372066633114
37.435466235148795
3.9037483252479888
129.53783292072634
74.29686097782889
-50.72637112144032
80.05806998936771
142.53491216856406
90.89692871440943
-68.21218286358277
135.82194302986468
102.64649635035491
18.4001546658164
71.91357184573002
17.595348052482457
66.33015088319326
162.8788801747482
22.8665292158571
154.9931219848496
68.23511331730948
151.71435899537957
76.78936964618194
34.512786597844276
94.97964347558569
134.2575172982758
94.95584458285606
83.16630097449774
-41.885868624758245
-6.631833009491302
34.54307952250082
84.29806023866604
120.58518969944267
133.25336370821663
21.213238014434893
78.5827372025438
32.548997212277804
98.33493497181975
-48.37322503467865
87.797861603528
105.3229206972826
43.404836312365234
21.285558339259353
-46.463950683824464
137.7797810493219
129.64439945273003
71.61208885921057
37.041621144573284
111.57838788524407
108.9278864618938
-46.69947153604257
130.6321144284315
23.35094743760888
67.40421400224957
48.59308103952994
135.3790632728968
3.4383843129445637
21.760781982225723
0.3786455755602347
157.62615027018472
56.658975093446834
66.98323474252697
63.36872777520996
12.124389268189208
75.90856513824986
85.06994859133681
21.537994141514606
32.78200276560294
12.65468986786798
-17.97495910020259
-59.22612744795212
-60.01947726682445
-31.851772302378166
11.165594677850319
11.200176084314553
123.97830750307048
129.82585904769144
-52.951434791499864
0.9144142432592091
21.666831861218895
82.6802542745703
-20.09300228893041
-38.980172931707514
112.07501348691
156.79697446496692
28.430066203188396
-37.912853335669716
38.216987847111284
32.33778880281934
115.71328618892025
-37.434156385586675
6.855052159143426
-50.99593268331866
-86.22449717895272
82.96547020503637
0.1378667902748134
108.34217023941775
72.57872004302813
84.8519034235762
148.7194497185427
7.23322449414545
58.639422792473425
45.48458599246401
8.127075256863627
-92.53374197167142
72.61727970026617
7.128780758879202
-30.004199614945705
-33.97843993508972
26.29684196416335
-51.59466681793671
7.05428855923156
34.504165208395705
107.25289272065194
0.4424351036498919
39.98943723548469
119.82801388789868
131.119983607588
114.9669769073771
134.53926963496667
53.92395569176275
-46.672855452700595
-49.80922524323321
-31.34124274360093
45.81279186296413
2.007046630059506
23.619490604615986
3.7278239257768604
-9.296377919162538
179.8818877967222
16.271518935285016
37.745496185614215
8.530720633189432
-61.44488854302688
30.327009993316416
112.248848051659
158.7155460436586
128.7544380189508
16.439984888046
137.99666254456136
30.52195843525304
103.93956124574683
-21.574520631278336
95.97318121770603
-8.320776997505348
-24.212184225017808
-61.19594298590226
68.81988519362729
22.89645630906803
-75.9741843323249
-13.184209440604093
14.028617514843972
-4.34548921124118
110.18794937098374
131.95741856913045
110.2518886693421
153.29663379687895
6.0802443557980705
133.578539868374
4.582007288473704
36.606494376192735
-50.053953711289935
-57.52511885636966
47.7183515896908
-1.3898844687682868
38.43988611108631
130.351530917332
1.6588489442060634
-21.950214695319488
128.59598322206273
97.01468507345284
89.81739412278478
108.25830200258207
75.69586607108457
118.91502193786833
120.97867587733943
51.52908701362732
107.25980835226537
125.07376282689954
-8.506015291376038
-28.33664297314698
143.7712597001197
1.5859612524017876
122.33869995293011
119.68388912470198
-53.33426270978181
38.52051337282592
-6.527477308868914
96.50210248199271
11.56893661166923
86.46960758920633
128.2556688470216
49.77826674961431
128.38014449970458
102.08229054720958
-10.16651291770846
38.88361540845959
84.01554148095991
113.3676565310641
-3.80460279672438
-85.53896673389454
97.28329064228313
113.51072607186698
-37.233893891563184
-6.585016382595043
95.00107793427641
48.17486145175803
138.1032829889239
55.47236949962118
204.69462398166007
6.781771341453968
153.99206040973084
-14.311965471049959
125.66009940217896
-187.27446880935577
61.37955925970271
157.84892429995526
123.36790206824143
-28.745076981432128
118.94903571717457
110.27819690253537
-20.1601641804739
-4.859982167743404
2.3863572444857155
14.75024301400725
-45.71317578206758
108.3243702411551
85.20646897968354
102.81717242315023
29.34860010379347
-17.81334233646631
60.19155189794292
4.605008121934858
-135.9376638592657
103.13948539213101
105.20154294280056
-41.24551813146209
15.778503379657614
117.01542509054323
11.096519257931817
92.8729891093792
-39.19597679559743
76.89684810964962
111.49596412464159
138.0321027644503
79.79778884184714
69.5609084933586
173.37030048635106
25.604149296064044
152.9174025574425
-59.70379057668303
55.29206552501016
10.120511365080581
-9.242174813010948
-45.67102070344309
149.05788385555152
143.36050585824964
167.4117570443974
140.3412478886162
108.62770655831795
96.52472285823555
-1.0955758820684771
44.78249579615079
23.4676989976836
47.22567411955655
44.78569610928854
49.50539776496252
103.06383208933424
3.098660968448943
22.8906602308841
-56.23516865456763
