-97.08438316166198
-339.2619803342154
-587.1042302401227
-217.58511009113872
-235.9529890734807
-120.72070785527924
-181.2311171129006
-142.9043880350601
-156.16507581712813
-391.2933146880689
-112.24004771276115
-189.90923492393955
-99.1197539982426
-292.3119728357666
-254.54369735639588
-393.3490671635298
-203.0612020740523
-82.4924786479236
-95.5287351270692
-36.54725678784614
-247.83073158942685
-172.82583817710992
-144.87684591813513
-41.78178314920744
-54.36889901483462
-277.0230342918413
-371.14547034807487
-231.6403710628162
-250.50479329695406
-156.40431185522294
-114.84111277289597
-106.94835780934544
-143.1606713524465
-89.6038066383692
-95.29751646751022
-124.44713994112647
-165.2167778823252
-57.528639535621934
-410.76596992648234
-196.1656126971982
-230.086013887788
-254.4281470684139
-199.110143525438
-47.09526034221686
-109.13474681801141
-451.9921703812604
-320.009506290661
-86.14425567579023
-88.0951830106193
-102.67192627808458
-204.29778325302482
-273.45968154325305
-232.461715099429
-335.24140649827507
-220.5441385664126
-176.75892131239294
-110.26509554637306
-119.28778721835083
-102.45323424724032
-262.6530033183087
-139.24088538109348
-269.8823841578213
-109.85414807646686
5.294011614121629
-119.04255318131936
-449.55525892493387
-143.62512885899878
-80.78152224102986
-145.16245888258965
-281.5310730008654
-83.44323938229752
-152.07536025195338
-277.6527469186643
-226.14541934147726
-118.23791502991381
-242.23009734013726
-304.6890825521343
-48.989585896543545
-137.83099241632405
-2.813388668287189
-96.99921407197502
-260.76629205461705
-145.79803448510359
-127.6077879379408
-155.13437681625084
-159.24974121723267
-236.624271912674
-395.8301637562365
-218.5865484360423
-119.99550468291815
-192.09951567450713
-204.68862556741058
-105.46812523234743
-241.78775488506898
-284.1100323135463
-13.39859330237553
-120.75477107903038
-203.99297527335244
-181.42784793411113
-66.13069148210435
-338.35311322263954
-132.9101656895601
-286.51434037844604
-277.9193238905127
-136.83948847081075
-206.86589077267735
-357.26169337066364
-85.97827236819502
-63.38156780204644
-95.2799216000756
-49.61286224413956
-99.45931857117418
-53.71278550175036
-282.2723302342296
-321.3040219067344
-177.72566182490164
-340.59594120820134
-201.71240604090406
-185.29415245513962
-86.90009959346425
-116.81281002987447
-270.8408466829077
-336.2025137616821
-285.54513519874774
-169.63491088841636
-375.1542364935673
-36.88067719831071
-278.5667398623779
-122.29961318299286
-46.63018843773829
-239.70364229193243
-238.68793766744972
-177.26665380279024
-59.93867910823237
-321.3707554300822
-110.87522467135658
-131.22545915310113
-244.24564587259323
-214.1274948055734
-84.25023814627795
-177.70001086038516
-200.49752959574084
-117.90510289244307
-330.5977733802214
-101.49324569484848
-241.69200954427393
-118.18317333946578
-304.65029910572133
-148.35099725727153
-61.392581908380286
-167.25438755530928
-101.73180358957406
-446.35022012137426
-181.62624115715107
-345.84136418056005
-170.90207708223284
-412.5011188211023
-318.40246762442683
26.294952631275848
-131.1704665088673
-293.3072593957928
16.163835804827073
-154.59549843442716
-213.14576702469463
-198.70728114245475
-234.93963840194786
-38.20015390801244
-43.32333901729706
-218.24162177938035
-184.67395035306993
-216.23583636333092
-42.62680536981371
-59.94700364577239
-79.31489649453624
-114.68409633761179
-125.94369428642626
-319.59333531433384
-292.66224571345344
-151.78692347797644
-134.81618171046122
-208.20181108845583
-61.1057280071299
-221.97354250430791
-77.76102168346347
-98.96602143715728
-346.5366141691835
-500.83121713720266
-96.69843007849873
-162.33359205177413
-115.3851008417387
-338.1155271769934
-249.35412912692567
-98.10632647750919
-108.67597480696483
-106.29246119654101
-123.28893825693751
-402.92966349790066
-377.04740119349196
-599.1220797862275
-84.18950662059197
-92.05480572488558
-218.280465066764
-121.35380918432622
-168.36547283234296
-107.12753921931873
-384.84254620612944
-367.5412035053657
-166.2231860871615
-139.6435136787883
-148.7871913457368
-364.29542854520633
-133.60681159902813
-265.7867547565014
-296.68671947683976
-314.23770815186236
-197.54352195400577
-75.84882997128429
-168.84368367099074
-229.32036959401984
-230.44109322922844
-183.05605932147762
-125.52465725933244
-292.33820009735234
-334.50095472294424
-86.69351794261758
-178.93294918889418
-93.00527186260258
-219.83554784364895
-277.0336808230072
-212.43813272582162
-173.07054492968322
-410.2335069424138
-335.53353735112466
-141.9878895732076
-98.29221611320455
-112.86605251935703
-95.30063843349447
-207.82261907652514
-137.96386729000488
-145.57919755313438
-111.24101868824943
-115.95426594227386
-150.76056217381014
-125.69461531991834
-481.2640586588502
-99.36029344071274
-424.26182661870337
-185.63866422085073
-266.12606564756516
-140.11230430869904
-187.5689568417926
-161.05233997823427
-280.3213005150101
-98.6199207876535
-255.71506876293085
-292.4466124603679
-116.6090101818197
-83.91201234727033
-168.64808464055494
-89.05045148659218
-141.3912407304412
-242.51230594564117
-26.081819602071917
-71.85935969384613
-312.30261497611923
-126.67668255283945
-84.81272082567101
-115.50528451035895
-189.83853506460275
-162.74565961215126
-234.93852395266683
-126.66294337522179
-138.72142614563435
-120.22553242281569
-327.5912840102608
-127.68648607893242
-84.37332837174644
-286.7417414775192
-189.41347530927047
-220.9687600493276
-17.09935264907496
-279.3805284324107
-50.244313303724326
-232.7577276133725
-157.5919086035413
-101.88954333324186
-25.906927146350355
-110.70632567061206
-279.10691636025405
-337.33304212910883
-80.17609776428765
-333.00042342243245
-117.03941655816304
-213.5851856220549
-175.6846373848707
-357.9930328565447
-135.96379128315112
-48.482798763005135
-72.53910690184136
-329.55804690196567
-57.83509557419656
-32.7460144029217
-209.48440291735454
-336.2646248323057
-75.21280729628724
-261.14376568649084
-141.75724759829313
-318.2807419371337
-82.0094590277908
-199.5905787357761
-320.5372505023382
-86.46853315611976
-126.34493390487984
-565.5858164660526
-209.72927200517785
-116.42781093628052
-170.7028466303364
-299.73597999676144
-289.8774896740003
-223.1953110334258
-206.42678481861014
-119.83985889783929
-338.8640239230093
-90.44906771411291
-151.40402202844615
-107.24803796166924
-329.6644603969372
-209.64775767690702
-147.6766528513678
-193.66148813082944
-112.90667753297156
-185.15847224657387
-71.90890396729574
-141.506539153367
-191.1353947397887
-38.20764041028245
-335.1153418839812
-138.69261070211948
-120.8836350707427
-135.7694414086229
-249.83297866976213
-89.716070009684
-78.24838508416508
-97.71238425612654
-135.46073274673307
-298.89776961704774
-237.9098840454737
-160.0142163679149
-142.64827127381795
-288.5590564104431
-64.67783048076664
-205.25350842645145
-355.6455879547442
-191.87830707852567
-220.5330626622483
-132.65355487355862
-232.28843967963547
-55.45107316723257
-113.50330325667014
-181.1734052635366
-141.47517812143096
-83.16625217242695
-256.48296096827744
-263.64401549383416
-104.46961560469187
-113.30006625644637
-179.91952718817882
-89.24735769307289
-118.334869964364
-337.5765393035849
-109.87937720108773
-168.68991347900322
-58.365099517155684
-209.07852737210305
-160.1113274154628
-239.039976583471
-310.81106118779684
-156.72553486855057
-199.95369740464946
-388.5114800987553
-65.54612853224732
-110.23659818177445
-102.99142340439643
-136.13059199150533
-84.65887735403987
-188.95483866549608
-52.70523402561829
-88.44797504782332
-189.32752775931118
-270.79497985738
-112.23391496418184
-131.92185684967643
-137.86395023295972
-87.13490637225203
-77.57720262201646
-152.45649836964833
-73.05062155601304
-105.08045918784707
-128.73132720580685
-98.06886522503102
-150.9361004410717
-202.21321102728274
-214.90761820918266
-266.3125700605243
-91.94934747722164
-109.04654590873652
-345.4024009460957
-61.30047363213497
-236.24049505374086
-108.92882439519012
-144.06593628936952
-184.22661734906362
-177.87325702563015
-292.4981086203171
-205.95882957499998
-345.2498691466028
-130.60524362658657
-159.17619374001674
-115.59547720964648
-147.16966821562443
-130.1093897180719
-110.86934497926474
-207.67985456722226
-156.32660318484466
-117.76156664370413
-240.95205371681035
-142.51467043280067
-208.45945360330398
-194.37348672108186
-43.12772313722074
-177.11053795140302
-96.05248231504093
-101.37692864622585
-178.50181098941528
-143.41424128569446
-74.46269227671709
-117.31824111310374
-95.88697633209621
-201.80771599408922
-149.6875362568855
-97.26015081040721
-78.31394530619002
10.208737692961954
-156.41620532157322
-208.0071938188507
-111.26754968830423
-122.17287180852088
-101.81808464314219
-199.75597776695523
-58.93599339824245
-176.122237820877
-109.56656822438062
-125.40665881114451
-106.6705230022802
-89.24165477740742
-128.4840121849769
-115.11177608176223
-258.2379667257352
-79.45732902259704
-104.36583000615556
-128.44768195956328
-292.9516266198531
-108.85500400905774
-39.41580788498446
-7.407342589079192
-142.06601997684965
-279.356035527193
-369.07730853937113
-52.29215411029041
-205.6534024464749
-234.46475023576855
-181.81835206390613
-110.43956826833755
-234.28111008379673
-219.3215709243526
-302.37109285806184
-182.2287875342164
-105.49885497308892
-39.479791499425694
-94.95823501783725
-145.57213454991347
-383.6147866981248
-84.49540035909699
-124.69847560224889
-148.84620969764882
-251.53102802161777
-257.8807120773539
-88.93782784271447
-286.6113261323552
-90.84106904053866
-109.5409592510062
-339.3622822845051
-137.59392516256173
-30.7824416203632
-130.32262284496363
-125.42948106380175
-106.95129982049599
-110.98434793945334
-310.2212397171501
-73.41370538366485
-154.1372174950051
-184.84670259468905
-72.91286394675956
-129.47804879633026
-288.6321978839435
-152.10071633044393
-122.01030476277838
-68.73223351505814
-257.7738134482902
-81.53678164364445
-211.06785081772085
-54.34363811130017
-250.63011331349824
-52.24461542867438
-138.06072839736805
-133.9265605586396
-141.36327942545773
-105.33404240582094
-147.80895585313863
-142.27951731631435
-209.73239372714875
-265.9438595152536
-150.66324720685316
-90.53870767277915
-54.2244637894081
-288.7670583290235
-139.7138933751483
-157.3454290665156
-106.68098680330209
-118.14517089129059
-170.07231852772736
-156.5740977118261
-130.5401569226367
-189.72993897246425
-92.19650610965101
-68.28261798863443
-299.3486269919416
-282.0046857685355
-361.9081678988937
-60.48082847724883
-120.27902530567671
-93.87552892733933
-239.6755824224763
30.60118254544048
-151.6863887063344
-143.86259486738942
-165.2871497681976
-55.54526892944949
-133.1147965319393
-168.69754068548048
-87.12998209189126
-122.76871747454916
-82.09196964952267
-15.873278414304394
-123.08215330460756
-202.95771854489462
-50.25773889014107
-48.08830364460416
-174.22894833072965
-185.31862344355238
-142.93441271534633
-216.3707059757872
-156.8630113299912
-594.4827450807225
-110.72169436481414
-383.92765372772135
-163.84505520198596
-174.6731800248782
-93.14402638827217
-148.33820063078997
-128.2602365029112
-60.36067718859802
-295.0494616448517
-230.1586201341305
-130.39524139681333
-71.23269911417668
-152.16927782644547
-91.59470716284781
-134.23313443724064
-95.72335429606348
-230.88514651393592
-97.78556701993377
-230.33630092727512
-141.2282829402377
-89.69417949813399
-185.18382454228976
-140.95847418794125
-157.09014189414899
-221.88740042944477
-103.31544947719436
-155.58069279883094
-115.8571298728296
-160.08939151498794
-201.0937439504463
-138.89578565979963
34.07963868030522
-77.26955557307653
-113.87369947398646
-45.06038311174521
-82.82078371614853
-99.39260271904867
-40.07451203342379
-69.14810433633421
-339.2584199618806
-198.42751167846092
-45.98563010325528
-190.21769882807837
-86.18042081876567
-141.4478197529279
-115.26355129891562
-122.76319157360777
-97.26632744951074
-59.361638629347034
-94.73382973703181
-56.75261872854958
-116.7518028764822
-123.15190020438642
-144.36543092142458
-160.51546106781092
-78.58500166151835
-240.0616093016853
-119.82886201099124
-162.40889274930385
-123.63066453231284
-86.33925410208721
19.817061309726213
-271.38596180325237
-300.0130464480059
-117.08771069873934
-181.9000065572524
-108.25371536985544
-94.728078207403
-125.28199898197398
-78.69396246926806
-79.01844899564723
-136.9653365881872
-60.772099624550364
-133.4881144752434
-244.07683968682463
-207.18885097340285
-6.256782986693892
-185.8653616124933
42.74285729381697
-104.26742508738722
-97.49295599156181
-150.02413311214542
-108.8369175082456
-229.7945840865473
-174.4972609574407
-161.97944483853774
-122.3368581307781
-104.76994402522604
-87.30334356372644
-187.83886462554324
-106.009773838639
-131.34598444288287
-388.4894374336296
-129.55671723922313
-104.9368379070508
-236.38182206457398
-130.2086067417223
-113.30194704046494
-58.81313984749529
-279.03980256691176
9.403826704999915
-108.02208860058525
-350.512253503529
-132.79004832122672
-215.88531147789357
-109.18232779354572
-60.06843830209468
-250.67151881131622
-54.65931169236088
-80.6176722258846
-114.3375090749429
-117.6647782440352
-130.9350455032535
-207.96093665982863
-69.84111142236392
-393.7911277385613
-163.02179867314337
-121.76898518091784
-116.94181349147071
-51.80359779915772
-245.0055621721721
-213.17451822958608
-101.35676453381974
-127.0688441102875
-119.03855090356599
-98.56429117842364
-99.846429985177
-205.21482059178345
-122.45337356992523
-122.74909870733066
-24.514288095651523
-118.19102895547917
-149.17796915490985
-102.09886178393829
-208.66135219300793
97.90247235950545
-180.63741451828983
-100.6753080493142
-142.11403245286346
-121.30531827683609
-103.56759908166075
-248.70689037522146
-144.39964703452785
-109.23506320054867
-211.02636841089492
-156.37374075156055
-246.0941930449958
-184.54066725017216
-101.17736848288835
-173.06929363946477
-155.8549078592803
-180.86166677382298
-190.40441055462782
-117.26257743249748
-32.46799128649053
-138.81461035730558
-93.92055191900187
-160.90965467943633
-343.3346763670257
-99.96706584608148
-199.1683034277288
-82.45205022439113
-126.37815090060877
-92.16246392004493
-81.1339972925353
-129.04587133805714
-344.8824142544581
-88.41494111720655
-83.85476319648357
-116.41149839164056
-205.00527885923574
-104.41818735730075
-78.62482794206761
-102.3482528655931
-119.92364240660183
-76.12996768376172
-95.89838344955353
-270.81698650054125
-70.9984671694495
-81.47937393634311
-218.28059860401711
-113.42027957633402
-125.9499796425488
-105.52520123115032
-88.16861320637584
-99.70757291587427
-134.3422822224789
-128.25544709558565
-129.6130630793577
-144.9049321859937
-112.24212688798961
-70.80505123275219
-147.41736007266246
-151.4915435039908
-149.711293926769
-152.83236643486163
-221.46397543825032
-203.34903740552534
-151.45175332324027
-96.18838773751229
-123.89994950220306
-210.8426827141745
-103.14620006438021
-110.9557799299161
-109.24651983379422
-345.326107138975
-255.46722442012535
-80.93543425487742
-78.19725124024338
-107.46236254315822
-96.86173120564706
-82.16889861915686
-142.3634782685624
-56.66877585878568
-168.02715307526148
-101.3636924764629
-284.0284052114213
-128.62369411294225
-123.32102293820819
-114.53515129014043
-50.930522340788535
-101.57125433116173
-118.94197760825449
8.738892088881485
-119.4568014657648
-135.760135330511
-227.22967064179812
-139.58370231103822
-133.36682435286087
-124.86032164316074
-92.9285123777186
-66.44236460818665
-154.14084819315013
-167.75895706888872
-78.79349286470878
-194.31723215812758
-112.5451126828923
-224.0043923255028
6.857762650108413
-156.56326924474672
-358.1904584183335
-80.35179067020557
-176.22860534681965
-49.223122504391405
-67.31660948255879
-121.78358122734255
-164.06642340146192
-197.9492963112652
-219.66916474967323
-117.10476860357804
-103.69257264547618
-75.4319375149719
-151.68869294031026
-172.14747808815864
-136.06606354660244
-118.67244003178136
-116.50797540859915
-228.48018401098471
-192.9141480145334
-133.0160536236097
-126.20191410355982
-128.6954436952348
-19.188342412948344
-285.4310476869068
-117.78435834687873
-107.26615473297194
-94.872757137222
-234.37555246485547
-103.04172983869069
-83.66177561463266
-101.83298193047636
-113.3360085055883
-107.17311136458449
-269.6467700710399
-148.86818325408774
-113.54284243840098
34.84198013960875
-111.82386084045586
-438.9275696243754
-1.6348524791955725
-131.32714033852199
-200.2113443866558
-46.909220028191115
-126.16840826128904
-212.97797668467203
-131.38034282127583
-156.29527338577293
-159.16476842474742
-149.55970357423243
-69.03058529651364
-95.06945407920472
-160.68166909459956
-141.64159125568
-107.60294456760954
-97.403550101669
-170.32551687398316
-145.22196498773482
-88.08689966890925
-174.8307625462374
-73.60088724129271
-103.37131137269353
-251.8918149798434
-106.57915896709252
-237.48006500677124
-99.14230585421151
-136.8226637830142
-90.43329063183953
-178.30397202011955
-103.60447218487431
-134.91271829525738
-152.1066606978448
-170.94620002369527
-41.64209983441566
-128.48954816369329
-125.55210700046258
-115.93925357010045
-122.8930184396706
-66.31056614357402
-174.02175627968583
-127.46841489929803
-43.96210248105956
-173.5258899546583
-169.1761591330587
-350.64135373732813
30.64220317400094
-190.08423538162512
-143.22935465881224
-102.21526119519558
-81.46589336173486
-246.28557833754837
-119.96793233862347
-86.23221764894768
-88.26617357686864
-267.3656232249084
-113.17909776549513
-147.89874440597862
-80.39592338930765
-113.68897705116896
-155.82177543866635
-105.68081977009771
-224.85036729147293
-105.08721517531987
-295.26034870432744
-110.9016514931503
-344.7151764213378
-175.72359385876743
-230.51761594775348
-75.81478430700489
-77.2539276554754
-220.70728249609775
-169.20154606532515
-72.71686011029976
-114.29697148571589
-157.76361685486526
-165.27266891971345
-195.95410470342216
-100.9614875239152
-67.7937197891936
-146.96644467270764
-65.8531265775553
-153.59870369744445
-195.3129747365544
-182.65531151683865
-86.47036807180791
-183.19817142269858
-165.0007571881104
-50.19620256155105
-55.00063359416492
-23.012281228911263
-330.2220116414803
-135.8882416696039
-148.21955687643535
-126.6252585751319
-105.69661738304467
-102.99980475352926
-115.44486855829032
-124.65162217795996
-158.687230545913
-179.93171696826812
-165.53542957342444
-168.92509699674008
-163.23424273409995
-336.9568770386571
-282.18979448586305
-157.77425249967692
-147.13622466991234
-91.9651615620457
-103.9058669519905
-160.63685289608156
-72.2171515167011
-177.22385260793197
-394.2481276911243
-75.8468465745251
-106.98143562251899
-134.02455828443615
-326.3798518245836
-112.32767075503277
-46.101295258004555
-164.71979938268973
-97.58547266616333
-114.13498388439368
-56.176855626981464
-129.25140623389493
-128.37364096935738
-238.92180431576503
-107.83176405580046
-209.78202257630113
-104.26027563902623
18.804852932110137
-203.7086625149972
-138.74713848207745
-288.1879719038081
-107.9514324898391
-161.61774369550534
-66.23357696469742
-117.72754210492597
-114.44436714496334
-149.18552596213033
-120.88109574476327
-204.0746437731806
-125.7739537591411
-78.69090116616766
-291.73778594112713
-140.66413258335078
-57.56304155664078
-143.86954834483404
-79.50054809241155
-71.52596413400445
-194.16529563485432
-71.87765568602651
-130.98266483142004
-197.35688152554036
-186.98789218969287
-76.14381777812967
-223.3152427023898
-355.3810870493609
-61.10496777487506
-72.62930431542196
-142.30448766040922
-75.05784676584801
-123.0249873987834
-110.03122006658589
-109.03861008740354
-136.52050255804713
-258.37646255728396
-149.91393176327117
-157.9531492504076
-100.57116906707911
-104.32826431674654
-47.256313519123196
-106.64340235181416
-236.19991038248665
-69.93302413886161
-85.8396491878665
-135.08193775172958
-236.74530077044722
-131.8642795939141
-111.34088983157024
-109.0181767454844
-158.83400142811337
-220.76396801819928
-137.8113178133113
-189.41833035280916
-98.40046124494496
-99.80857550756646
-110.26909211201473
-171.55789647908992
-65.22682074509333
-173.84803462830234
-133.04544533916643
-100.98012680575458
-318.1263942640644
-83.34238969813487
-55.931922744610475
-104.57940630330766
-117.02160566536779
-162.6482799822325
-121.92356038019045
-60.703905108623346
-132.39428769865836
-138.3239529422153
-117.7953970383446
-114.94817519373014
-122.32315297685476
-113.95975436874053
-143.5886083086743
-171.43410789018884
-144.17007803680724
-306.1534540154058
-107.0169368983576
-229.3703518273146
-152.03262404688036
-177.54532703559022
-164.20206258173215
-183.50051579897286
-99.5937787828619
-158.07179653687476
-137.02233446067228
-112.59348321393496
-127.92544837135097
-140.44966836170892
-140.57641811675336
-150.10592723357172
-108.4904401747498
-189.75400344948906
-94.10840401266411
-131.55213019273125
-106.41692708885795
-83.44775395261719
-152.8436006169776
-59.27355857643083
-65.10640407631203
-359.91516994757575
-64.43297395146948
-135.10556475369907
-127.85013560013054
-107.11446534538446
-119.08199885629315
-121.19192585695781
-167.37322265571186
-102.23980973355528
-271.32531636017166
-44.185548156898015
-59.777302182231665
-168.67897036320073
-145.95551309661707
-98.1875882205814
-57.39278632711242
-166.47948703909907
-139.88465534043092
-103.48595581481692
-139.90017074418404
-172.67881988093575
-228.01613974790968
-108.93108483078727
-5.348763481515107
-221.35977182340528
-168.96020863111488
-14.490771435372935
-205.60444342728235
-143.60408472833328
-114.44067851358064
-111.12045325402792
-135.4874567676493
-196.97244332686176
-110.75592161964408
-172.37639179286606
-127.2834923866328
-137.2620331384741
-94.83571705468455
-170.25684824759347
-96.39911019028376
-201.00217039265547
-138.91312947355888
-177.48551314663547
-113.33774070286825
-88.748503231193
-155.72412436467405
-207.5604251519582
-120.88678167932055
-248.9097870773429
-147.18339006322736
-100.43021030264852
-0.3573416077223044
-135.30440886786283
-174.1349498523423
-185.1219055327725
-193.02523170248637
-140.34524842688606
-133.14549503154248
-124.72757605448783
-155.1360671727308
-116.18380186860928
-238.49564744832315
-201.10285811270103
-65.0955836663514
-134.57523264220941
-134.55110265380395
-136.73217306218748
-110.36157905431746
-108.34244352711032
-133.5851842635953
-32.46055690456073
-107.74608771060329
-176.6797696254319
-57.87892758433029
-69.37185518850308
-157.5779212153997
-73.14146142677338
-77.65730464788129
-109.16779744538019
-169.9963956827001
-168.04433661924523
-98.28799638834076
-144.69787377332827
-122.82872154508142
-54.15998391344284
-204.13511559949455
-122.71020534926902
-110.4149808748175
-108.28954295611376
-156.83571248501136
-157.0711918619656
22.58508888383539
-144.1021595937151
-132.68862475881087
-182.10062187059188
-56.95643879906443
-194.1957092789733
-90.73779937601677
-118.14470811511438
-91.86940264056861
-228.95017557161634
-8.374195874515493
-212.1768138792752
-320.71231181008284
-91.03584598009921
-124.56888718573911
-125.41685308313731
-61.210422269199775
-127.23067263258963
-218.33202772538743
-70.32732005157267
-140.38648792092948
-78.11646958268817
-144.14940367046677
-61.86022086065351
-90.02846291778998
-81.16488075914779
-89.92117043843801
-180.92315791458856
-216.06824733408124
-105.98545357183667
-112.77410787120618
-150.3377364110233
-100.20453805170567
-173.16986882578078
-167.29156962938728
-151.7286427313931
-188.8953915864338
-129.80666687833258
-282.1219270220432
-117.10474809570317
-102.2545830761587
-89.14665992012729
-150.00368393516766
-212.9751325114038
-81.87322990349185
-119.00967551695425
-117.91523578714074
-21.2690480229395
-174.26511012904052
-165.9875739974169
-125.04255357099231
-124.21064004982853
-103.9006064530394
-150.14066178693048
-115.57572540613488
-106.19482449751764
-78.68496113307222
-78.5612069015226
-137.39776322395159
-106.33883241077478
-180.78248444911077
-151.18183115769438
-126.3581030509489
-166.55272869643892
-68.94987629201252
-66.05016219644928
-242.70750134858486
-70.87691352957637
-192.19799238496174
-100.51569493597819
-134.28757380169228
-114.68000002417082
-58.25070622062715
-141.73576203898355
-131.77717128668246
-166.55933720280314
-170.7169428162336
-118.67869018180103
-137.43076412677343
-151.48051169040116
-181.32827566780307
-145.7923020149018
-121.60599200920797
-85.31036466227854
-30.272463417790675
-150.17766874093434
-123.49687913546474
-134.46639204900333
-70.27861564196607
-84.18325049842167
-123.84494613617295
-68.41334803989945
-71.9687851681104
-260.1620515456741
-85.61620339850383
-64.39718908054681
-230.09399896355637
-68.43307887813256
-111.3501670063937
-96.58844706852882
-79.1349654690177
-213.0209327917239
-119.43160765165533
-113.42654314487181
-190.4560290884493
-394.1555374751868
-195.93951319379013
-83.34297363116659
-113.17534552931292
-165.8182336055679
-72.97316507310197
-88.28708840754688
-216.75563987479364
-84.4588613069129
-48.93071539100366
-100.79744287395711
-95.39185953183735
-83.28664643812806
-83.66588217595265
-108.71013603293792
-149.5201202201709
-91.7005616311504
-43.496504895974915
-207.78648054425133
-292.8129369637743
-143.40724483775247
-196.78881662346936
-189.58254419313835
-83.28943851004263
-249.5819251746287
-79.3646793498422
-138.5879131523661
-131.86779475834444
-118.98408325790554
-160.56575039145895
-68.8095776825212
-87.03111662533784
-189.77331824686118
-136.06327631152828
-81.20670700013657
-235.37960998278763
-164.31259512837534
-175.92666851419813
-177.0068766520067
-8.08166397452463
-73.29128383170212
-146.27666538600815
-67.02605031025955
-215.03664783127815
-79.61046978643259
-152.6090167814491
-216.3390636273084
-223.40025130689298
92.52197640375348
-123.55697142073562
-141.9783934727992
-258.45681749964956
-139.52696664003034
-101.45982259663154
-116.617505156229
-111.25804443425638
-266.201675453048
-85.1776504080428
-82.47452080984003
-89.26088640041395
-132.24302621070052
-96.38505629057876
-89.47277358703259
-89.99210043174132
-135.6510015594456
-91.9919811187402
-108.22383434518262
-81.28629887119558
-117.9555170104635
-109.15815445122912
-217.30151836465058
-182.93273868587966
-100.98148916964125
-22.047810386401338
-220.28066780790104
-60.97133218357303
-121.15546415860496
-127.73807836598965
-181.53537004757618
-147.0332949150367
-169.5689781465377
-236.94758941292622
-66.20789112635481
-137.62368692493317
-96.24188796355735
-146.844271753373
-163.00359740507923
-88.505246840196
-117.18325749309574
-189.54423807201186
-129.44716171641622
-107.54709825987266
-122.78829037726453
-116.02668560532521
-66.61290197869799
-87.98070569754283
-181.2181336976041
-115.93325754974042
-226.42025784070114
-122.40879817973138
-81.4642783743017
-36.230519046875955
-99.1191338085396
-118.86573949217478
17.970720630357505
-199.7501237788612
-99.08135125033324
-95.9669417453928
-88.75531697328002
-100.09667697033683
-277.25691152245236
-121.22751438723371
-122.61675034080582
-263.2101131000925
-123.79029508299111
-74.88962345753795
-35.80712801521805
-81.91759278695471
-87.82042940263112
-196.31725229898606
-118.2476161482777
-198.6096414812538
-122.07451868882453
-243.31788823142125
-131.82402505658607
-372.3312867613279
-92.58496018248417
-81.60814934667721
-93.292513949218
-295.7136386732002
-352.3327391533119
-51.04947794908977
-114.04911578524448
-128.7693080083075
-136.20913012907567
-112.345038883386
-90.1999045752462
-124.64923420194725
-127.6173704137192
-135.3310777904129
-88.061587633079
-113.74267197818614
-107.16779873323857
-108.04555353986102
-127.16193357551067
-91.1972446110574
-94.43298388333915
-259.1887269387149
-200.76406226215036
-79.0711648795344
-100.58040918292704
-90.40697414635008
-120.05798454022452
-271.97144623205963
-243.11533470844338
-73.82675676829783
-90.33243162875974
-226.483404054777
-233.95105600920564
-142.89006295858474
-64.28366836122888
-103.91079120705551
-214.02320019947814
-131.26286066032463
-155.58706294712113
-186.99609708150854
-137.03507705397007
-385.3423139183549
-183.97966176600852
-178.21549976421454
-76.16530289770157
-330.20826700137764
-293.8762537411574
-63.170540523561094
-78.89794387161344
-106.12926569552543
5.539769227386607
-149.76958435379538
-162.37777875366947
-91.23051040729355
-100.90993074716368
-49.01117068989595
-146.00810322268802
-212.60331341869872
-117.24725984725717
-188.9456555960971
-116.27690464936785
-222.77370789627443
-84.35829232592208
-116.06456831997357
-200.65777511477143
-67.32988266350192
-190.91478238493644
-31.179826267343536
-173.9110665543855
-140.64186197872712
-51.52107821347357
-113.64759451828377
-58.087405822285255
-118.18011655882533
-82.78927575841709
-142.1456852537459
-119.72826049142152
-82.66752528695436
-124.7631516853846
-91.55313612768083
-151.08263018503567
-68.608822268603
-184.85246953430212
-118.52625897715592
-135.483878090097
-72.72767278721867
-154.84175969278425
-95.65700617679998
-97.63446476188707
-88.6524672959928
-67.89274372082652
-111.32357318135078
-290.58644338573777
-96.61320190128752
-129.77196822471825
-142.35102000346825
-106.39989372825359
-44.11236567551765
-116.0023589883524
-283.1920016336006
-151.8177373034174
-236.9540283392793
-83.44586118405644
-2.4073916647826223
-56.289584550132105
-43.858041001690054
-130.2747864998331
-276.52200525026444
-239.48500210899763
-170.24741726678502
-150.97363242192188
-231.23194469093076
-81.75035554050268
-47.406876790747646
-42.87680409114638
-122.19389428636802
-61.24702635537728
-181.43055480622996
-139.92886601582433
-140.922228504345
-151.66265092388048
-134.12300458781993
-71.47508276021698
-67.70011394328807
-113.05515245287188
-129.44609771010946
-128.53676594815593
-260.3035296087296
-126.34801286976133
-239.40283132843464
-150.4282446764713
-90.8719032449769
-273.8895277576961
-93.4879196157887
-100.25740475910737
-249.3914311662101
-135.643555913576
-127.92241383753395
-95.47296461438617
-59.80402232129641
-124.06961002880405
-219.4404055734471
-116.33605667090102
-337.20073136136494
-64.28550681697868
-80.49497354814483
-265.37718893057206
-204.7007082732369
-81.69580443381489
-103.19802058041797
-135.84024977099057
-116.74779796944654
-243.4369686872457
-265.80620567210894
-110.24474954082609
-151.99144302914166
-116.40836774183254
-168.61864655191584
-104.13318495133737
-112.29613009176764
-120.45932886783145
-50.040493398605626
-88.03241616454676
-156.9653866120051
-81.04725387488979
-81.85984251024111
-171.14274338692712
-69.60388675616126
-131.9916001737585
28.26126303058811
-129.4059884114116
-69.39050265069869
-193.78800502875413
-162.93157840377282
-93.21027780431302
-187.19831306566064
-131.71477573719892
-122.14021213692824
-155.59532548771415
-123.52711503209198
-129.5615459935225
-36.88422836863906
-136.788523777364
-189.9296139005842
-134.1709949749973
-176.8071606096645
-118.71433085876188
-183.45862060005499
-78.65527931308225
-57.052801686045214
-133.709325390981
-174.0843837811601
-119.70898440381724
-97.17163414258107
-173.25873349920846
-224.29302538781675
-172.5730210289306
-117.7154212598945
-130.70839963503593
-101.41165812605662
-133.0342891541403
-142.2432720019385
-127.92289724966398
-73.25697726046269
-57.60307069190282
-121.12188734356917
-312.5864924029891
-240.31021356138606
-126.27536465121356
-111.52461117703083
-130.84473793347857
-171.93029078873474
-104.54680699149328
-155.08571216676262
-29.350248822671134
-202.7243261678105
-160.98814772231486
-139.17146074231204
-94.73910689707823
-158.18943596063943
-167.99480427422785
-86.12494272038072
-176.14745222108866
-149.91463877570584
-118.68402165227667
-136.99817485785258
-69.21281816621956
-116.00083561351639
-77.48817547031324
-168.22983899161193
-55.516379926528856
-141.76796319768764
-65.04359750984301
-185.5427141262502
-59.380544269437415
-78.82164292414238
-92.28998178190409
-89.86173240729528
-231.68250788018088
-113.39489007889455
-296.6147460873806
-164.28997243021007
-78.94534062157426
-109.21404367120776
-66.37794943523946
-109.73005458845347
-82.75203546471778
-128.97746251139753
-115.80920042076505
-159.77199371044674
-69.51107265396817
-137.76462969303108
-64.11891598372296
-239.48310951386617
-133.98083739304974
-161.77326316599874
-117.52817080536383
-92.03816048920167
-40.767930127109146
-157.28841656793367
-374.5905299433269
-89.22137806840357
-108.22748246107254
-63.024549485749645
-109.84836549719566
-122.34682217555239
-113.67784184727923
-125.93760272206681
-36.57094585830065
-94.19030003822016
-223.54390449250047
-79.23770474634478
-68.64612698506173
-154.96601423708208
-150.00662343127968
-123.21773267478258
-227.78939104196448
-104.81932387420042
-48.202731783791066
-143.64236573750705
-97.28547372986823
-125.99406988877462
-138.8976557208312
-165.474270042117
-130.95258020841294
-145.6995587819383
-329.8855981831672
-77.28909764379961
-62.05939268640299
-120.90142900947525
-203.13223951231305
-89.01036619469495
-74.63129268003286
-106.37975030613248
-138.8820430560963
-17.853656424910895
-109.64757461743633
-10.933619164313981
-133.08950985698607
-78.18884062348172
-85.02687913519132
-294.45116363251447
-217.92321586142765
-93.96764034748911
-100.81704713180926
-260.69366402613235
-162.09585412896632
-238.0849070801661
-112.42824587053194
-201.9017305897549
-199.4895310768316
-146.81873689142174
-160.40510007414275
-135.29431049877286
-123.09945974530766
-68.79373408671323
-412.9038741340353
-110.23391535926554
-101.4862236809698
-145.000601035483
-138.57250388081667
-74.48376436742221
-99.21619107219107
-93.90471838697421
-101.14894416134186
-94.55104719524252
-61.30490349488062
-181.52889967374026
-73.49546378353435
-177.6344841941971
-165.98230087746026
-130.29310326345492
-153.0515716448824
-140.55500817636383
-92.72092737597568
-51.82107589534038
-72.49294393195741
-113.85782491338357
-225.76345748209152
-36.01224837259949
-28.999334681054293
-191.3590602643306
-69.36753248302972
-41.67411436970402
-84.70242924913782
-49.72749804159117
-119.42367528611267
-210.9908466500823
-131.8528132596382
-98.97433426119477
-123.13301830967944
-50.76271894846855
-284.3185544799665
-260.14759502951347
-54.88845802088896
-157.79133300160169
-127.45165372038205
-214.5137869848229
-36.80334563687137
-98.42278296222686
-119.45469761481256
-95.39226798807803
-200.6285410312631
-320.6198102776174
-168.77425654518828
-113.0916281279145
-138.32010952545016
-73.14160420562987
14.731118267832585
-216.40374927224687
-146.2131900852839
-48.46291055439805
-126.80462290064321
-78.27671191916531
-120.01916115865068
-73.59610260627932
-201.61764682386044
-128.23223591205047
-132.42498614133567
-134.62385046594397
-32.48467752076755
-173.10609230399604
-104.10554279200869
-71.49229712438738
-124.96062895888167
-183.74862995726357
-90.29878864093244
-31.50938397661146
-132.4847807432839
-145.56081174732415
-108.88998630408612
-125.6712932173934
-333.63199781843457
-59.27832463115962
-66.14668391488871
-137.58163611806827
-115.5529041723574
-107.16670753310342
-94.0505748283061
-95.84588432316623
-117.90690743439578
-162.74489691359418
-56.563624336832774
-160.40567630287194
-124.67655901467447
-52.41930642824149
-130.36925471570282
-87.98385301621852
-145.49021322249928
-166.6114590962403
-134.38957930371373
-77.13885293325978
-157.35517478895986
-152.63183174849732
-82.44937512972393
-52.984853642274196
-141.6921181274774
-133.44465792364966
-79.26697798786313
-94.06706379320514
-116.34986402643261
-32.61660537126059
-119.46274788249269
-152.8676618738299
-97.75853096362522
-85.53759846074963
-90.88720837397423
-110.9418381548842
-122.99651193109798
-131.91667164651722
-105.60087882187952
-137.1967099742892
-77.00847938722285
-73.27483782519315
-87.87319204451211
-108.07203302454195
-133.43702336631108
-59.87680556896408
-58.19292744546226
-196.30995366219958
-142.9823219199915
-101.26164484411063
-108.29624928395032
-90.99692018539523
-151.61196640487321
-118.28412824319909
-89.49623171570225
-96.3555608188927
-103.77429911109029
-147.3201550818836
-146.6928649421708
-292.0903329550404
-61.91421452615658
-109.24445628987847
-84.21042115006418
-117.13763391774872
-114.98209665083002
-116.51354910121289
-54.26019106879529
-233.09941063916446
-168.46249655001822
-177.39056219309157
-40.71816563263219
-109.48340459005422
-110.53666950014824
-263.31477759182815
-112.79634688003074
-160.20818221120564
-122.47709369347098
-43.691817946530065
-66.15511550255033
-56.94660061190836
-136.6083826067997
-155.48122605667822
-95.52674861976982
-86.94424094227927
-169.05311563480853
-88.77587729120256
-193.19233796023823
-215.7173018670193
-215.04567084451486
-101.76485337633952
-119.18255600289058
-53.66997715284662
-82.09926235793804
-97.39027198821634
-127.00014129514304
-111.62063682813906
-270.31838438591893
-62.69563877346786
-89.28232575741944
-150.78018245786018
-154.06603073047796
-133.0096324371582
-133.12240817809408
-49.74265637495955
-88.0532435996892
-172.3353535931388
-149.06024463134452
-123.61414745891433
-82.00322725187127
-126.61012405297694
-93.9104826059395
-99.06056679711708
-67.47849095777863
-111.0647326800811
-102.1933776540508
-119.10217859526382
-141.90619218454066
-117.10850674376645
-282.0911328334905
-96.32925132571748
-157.66213188397222
-95.93272291717076
-44.626053424329726
-262.2411882642685
-119.54325917881526
-141.1759929138621
-62.417393627796656
-130.9510177572881
-180.17948883986583
-91.15559851023438
-83.95180511435359
-122.15421251390683
-209.76814110998708
-64.201572616922
-155.05734529183786
-107.80751695571234
-68.0477957930058
-112.81028839574341
-115.6842993907012
-273.9072523997073
-59.42291881266063
-86.75963495058343
-105.97958093874314
-253.23935164962967
-127.31736811774573
-81.57572153630512
-142.13661445417614
-100.6228998036803
-137.0306656671939
-92.4570997493721
-60.55263982883146
-169.95359377818042
-310.45383583808314
-45.4141461922452
-63.72397220077603
-161.14744062138755
-121.1986406724666
-133.3976496832475
-103.67749420067393
-84.65137058402769
-157.01993795635184
-131.63269565697414
-201.6445199467978
-178.05324167766025
-107.12477286073164
-98.16981202231328
-122.13703540832199
-113.39211592143
-227.87085937221312
-199.96036513612964
-93.7051618535162
-75.93424834573572
-82.67072872273991
-166.9794587407843
-110.7767368291755
-143.4602524982502
-181.93290438659417
-50.548872414494554
86.53908779009734
-130.02230570100465
-200.81643577213674
-37.31837547528697
-104.175607528178
-162.82590007334855
-115.015990783588
-155.1553666123574
-66.33272809002713
-199.96703037950306
-108.40918638385479
-179.66109348747682
-178.01822347760856
-76.46196131478362
-55.20500264100734
-130.79782476269304
-88.70729525308633
-104.44263276686162
-131.8655915176011
-65.86566388181939
-143.468623054047
-296.74324957836984
-105.32154201589366
-134.98306554376484
-124.70086893248967
-128.8354838806767
-142.8972421328152
-130.5071271456043
-104.48369357120896
-166.14018653727078
-105.33554216559152
-87.61107266143729
-121.98285335153203
-109.1009264618165
-207.3792396562466
10.908410572336706
-143.90182049032376
-131.80671011985612
-138.3442763397728
-72.8264085011607
-256.3650314861465
-64.77183162107188
-131.6215959530804
-180.5924634598399
-131.41213032334304
-172.64237874997656
-113.7322607037819
-134.22628991417633
-143.45356178924868
-64.18426504854742
-123.43205409783668
-77.0912154015692
-213.11624498907867
-137.81931229493847
-282.1494170675713
-153.32961413706224
-153.33468014642307
-171.91832615391345
-76.59435943399666
-184.01581715470968
-93.39073014738341
-72.55906905593102
-94.393086871904
-195.68301073477073
-137.3313402155249
-135.3206876311002
-51.62474795283358
-67.38606593849947
-160.05447585704664
-50.075846052625224
-94.05198142941677
-127.47449003310058
-40.68459787304404
-237.4039902321676
-144.3454721791441
-97.9456263061143
-143.55457497286648
-93.88737497317679
-149.0393259581197
-142.49809537068788
-253.3184333001918
-166.34269298239136
-70.4495616547755
-194.64135235009402
-128.9792796415756
-81.2539673433617
-92.3361579954027
13.321992547262663
-124.43310627500193
-124.26152200345787
-99.27373534961173
-72.3506688562423
-134.4427635714274
-142.1544286732179
-263.2626952390085
-148.33369421297547
-83.92765390495589
-68.10332675700539
-121.5975323031242
-179.60143213838091
-214.47199708934852
-128.585449272237
-210.25189022905568
-207.1183715790909
-133.46647490147984
-87.6485039210943
-85.74649464665099
-48.32679197401653
-146.05532756717162
-151.9569972372691
-77.07521528045872
-109.97650975108765
-107.02864664482024
-97.93157040870213
-127.51504289871568
-65.81009667232762
-122.4436421948778
-102.70533699166143
-107.99087197430501
-175.71522333319183
-132.3698130933107
-145.9044872181653
-102.94130303442596
-95.08516182444885
-119.44242756420762
-205.51627508914046
-146.88920619074466
-97.86373127575456
-0.49909198496480656
-114.81245099926257
-105.07271659272885
-73.00316074872248
-206.98882903339663
-230.67930139730763
-80.30111574578822
-69.45564560310015
-77.42330510472033
-83.3662617036989
-99.46132940265059
-111.77253971955142
-146.970593146393
-58.22399990776276
-106.87263795809957
-90.81797202348166
-245.44708763529297
-76.88052499188537
-109.83847599657328
-69.49014128736167
-173.552994680043
-248.90555400244185
-197.01535461882224
-177.38343249537803
-55.31386950620666
-171.2191695671841
-142.4055565935228
-125.73783194364097
-110.40820661708523
-228.1970876436355
-199.23455145394624
-116.70145576596201
-114.43414299435406
-157.90985021826782
-218.19288603819675
-122.78674909341119
-85.63771147265206
-98.24339196706428
-8.78625014021722
-164.43351808535317
-66.8091916500714
-122.36540451725699
-82.62453074219533
-50.573812666563335
-109.2170386288816
-80.89394308679253
-99.40374868557448
-30.260827493049305
-116.3463712906453
-149.31239817800886
-115.14308749692822
-189.49737142591636
-69.8715933448362
-61.36963473812361
-189.19797579358217
-191.21370939298032
-85.33287787530702
-52.27753580235594
-71.03259841396712
-101.64839738239573
-111.38495110577439
-27.168808308876578
-288.3753849315622
-265.7898069189436
-96.13615184221283
-104.04176097710915
-199.78379956029642
-68.09779458936214
-108.02019115591534
-99.36281600823496
-155.84786546116828
-164.31368049180375
-47.96308886396028
-211.33321388586984
-143.69583288212908
-215.92705352311043
-108.96848604630884
-68.15897280115763
-130.99372996622137
-71.6295675251454
-181.19815858203373
-150.0239794446245
-141.44925915021253
-132.4689855844173
-102.88648483970529
-229.29774505678733
-96.88090221913134
-36.760320941010434
-340.4892849831064
-152.3359332205964
-112.44630168620316
-98.43140568464523
-170.88795740099457
-103.28153752584448
-149.09294091068165
-108.32859562231255
-114.15283266938637
-83.26730045100749
-121.25742887741005
-147.38003499265443
-101.27565381537718
-109.79341823834967
-194.2180705615389
-231.88567166386844
-85.14348335292111
-101.50491816793527
-35.46233269041156
-91.20707208635469
-115.15909559078969
-127.56057531408369
-179.15443219488554
-116.47082624097405
-66.36904899939171
-145.1185430783408
-226.51316746827246
-80.64076565924849
-75.0494629915132
-95.88071024493759
-283.2424350656238
-91.80659131847484
-153.88204552127507
-184.88988642108563
-116.4808100891741
-199.84140870824183
-142.75121074356176
-88.42412509314936
-81.82128761817116
-90.15032208276503
-103.17731517686991
-93.82703090257243
-106.90004513565239
-74.24574694022692
-114.09034535821517
-162.2407983888957
-122.43174923785634
-152.4008780294947
-178.65486979082888
-138.97661857207402
-128.30475573615615
-176.06629504161396
-169.66021545743968
-86.67802875676713
-127.33758290840038
-89.19524379867502
-160.31347527287397
-132.89772104613544
-70.44132136870286
-166.4294539943656
-75.88890719142442
-156.0160050745061
-82.12848988061515
-206.3287564145041
-147.69400049147694
-61.661783871568744
-68.7017183484717
-168.2951436559465
-68.67888023809559
-139.40174659296466
-183.1229291614593
-186.8969149260917
-133.51868372787416
-92.58452568894793
-170.71003484730073
-109.45196495245374
-90.98100020233784
-110.41116200160869
-232.46205859997838
-110.23383812521087
-81.77377809173389
-109.80452713909145
-90.90419993771171
-108.89753890431652
-120.97163765692292
-71.41837639224059
-111.51310329985307
-229.55674704475425
-100.82154005115999
-164.1180538835402
-59.45431452714823
-186.8219547008638
-89.66278977515509
-161.45732731640553
-289.08055815089017
-114.23936882431153
-60.80668649881777
-289.5471979716422
-34.285247967932364
-87.5939630935448
-207.48094416421935
-47.692340683379385
-32.09773402314015
-8.67346510540969
-223.65730623324626
-68.88050549937869
-93.73908024430114
-102.37400783570173
-69.21287921862515
-135.69049180579074
-141.9246870185086
-170.84080450720228
-142.97996455857017
-142.35612873850985
-91.42287111379865
-97.80578889044999
-127.89714318616743
-137.00475722581703
-180.6656117361981
-208.221830525731
-110.00528609570858
-90.14574982929543
-148.38667251245823
-251.98106713476525
-80.49823790877784
-324.04651840160926
-82.12457588220727
-226.52390009734688
-48.93414453670553
7.19452079066987
-67.3537956927153
-126.67370880328187
-111.99915085047311
-130.05160800401998
-68.81590889787694
-165.2255368197147
13.048047165118
-64.64860588735088
-95.88100712964939
-94.0925238399885
-124.03116053432909
-189.81488031584934
-26.965684487300365
-88.79557046193541
-155.30199514296407
-291.4359728240133
-97.01699639985624
-44.31534569946283
-114.31814577276614
-103.55614025215219
-98.67792071407936
-73.30279955906748
-161.5126664014242
-63.08726437426716
-101.37757502584023
-71.98203858365225
-83.8435851482805
-86.15916767841459
25.14614333704037
-135.85263042653344
-133.30852268400142
-164.1509624104686
-199.47481694824484
-126.75413718469186
-192.00653370346802
-98.49350189559934
-80.8068272030192
-171.35150771141883
-87.85973329242623
-131.02646390214386
-93.85418743069556
-65.75040303128448
-62.60603162273292
-68.54638143542036
-144.36466424323066
-54.548939010152736
-62.829670496863436
-90.84499846033471
-165.08286445764992
-84.30329206494702
-146.44542830208843
-116.76625856162893
-97.81837801136422
-78.50299387773968
-150.85922545013193
-97.25085496871654
-172.78353823700508
-90.7724629056738
-127.13811429630442
-31.03037429491715
-119.16236942491369
-131.69678588768338
-56.70317973120298
-141.2480768316624
-95.71235802336184
-140.6676179617468
-75.09946620734743
-63.45634015915086
-143.1568452541319
-92.45859461295683
-180.05716826328216
-214.95116485879808
-83.02116126280012
-131.9876120304737
-202.60553605072315
-90.67320203585916
-92.24908069805376
-170.92162874695458
-121.1505368853164
-46.119673929231794
-81.07032927748678
-142.1773905207022
-53.8853290667634
-131.9386117416637
-185.72147803761968
-303.7399189009732
-64.18146081938538
-94.07950807294196
-123.46219701973284
-12.056977786403962
-91.16205014565176
-101.46940499991233
-121.05247219951889
-223.4761316120944
-59.72931139826271
-186.57606078052754
-131.618717347506
-139.6726530455657
-133.17952100672426
-138.73888307918048
-152.23517893684013
-83.25666470782494
-145.81440244695088
-164.14277183933257
-1.7543838479398275
47.29393092397146
-108.54070193329568
-110.02893879247968
-100.52839939058467
-51.44192500295791
-191.38073189654347
-23.627238474783212
-146.51701014389758
-11.292007243679365
-66.33702612500194
-251.10810805670172
-71.11600572291118
-225.55643565994478
-194.3840991170542
-165.02424777093654
-102.71100636776542
-49.6339297131974
-112.78244842772
-110.52816842241349
-105.9074657794765
-173.37545105549975
-81.63155789113821
-32.734726735002454
-94.65932099584457
-56.06877984103974
-171.36272364435666
-81.75465158172409
-101.48722237441793
-56.09469471507576
-259.35186377565304
-59.05729376159959
-134.15148645263966
-94.82077913572212
-169.55862847613884
-190.13718507329838
-52.89909167301935
-139.04417161815343
-116.42717697576337
-101.22804127438387
-130.4707333540644
-69.73692870006207
-185.16651331137643
-111.01179713361184
-125.87980003142218
-50.97007949155808
-63.320192672557
-61.100814801590516
-51.23124415096957
-264.30091861744427
-91.48446275963184
-164.25547269008388
-107.06538889945571
-186.99884832539263
-84.61315621744748
-301.2364426161681
-184.97595024126332
-111.23940137641648
-98.76927349913427
-102.88460475634677
-102.3498269259783
-87.52819417016985
-232.8192578560709
-145.58239121924976
-293.38722663940626
-109.68897795846688
-21.46875139015137
-72.75670330302047
-206.7079080022629
-108.25755430531564
-142.93116646512914
-177.06176804183934
-206.6378517886743
-288.04623572372515
-154.63927896648778
139.42917132488734
-158.0212850518456
-162.71533341632218
-146.40433130889744
-41.09296463687185
-249.42836774647833
-20.796965133039535
-113.2520125957967
-309.60343219202485
-84.80537793050092
-102.74239799350983
-44.90135721337664
-141.28259273326637
-195.4575616355247
-60.099300571851956
-62.433467337405645
-125.53147845035774
-175.69108673159602
-180.45053758841323
-221.45029080294694
-84.11697217247784
-167.67846577313782
-91.77085444871354
-131.48475057237914
-107.50472551332079
-104.77535228790592
-81.10802966788297
-173.7755291181666
-70.08669879261953
-168.52088955401678
-88.3275182018481
-94.89150115832436
-83.2823883599437
-72.95930560033536
-116.80485155049058
-20.091931469792783
-122.9221244933055
-97.59719464434784
-118.13870440029534
20.98400336807034
-106.93276730986427
-83.30299850370609
-114.22403004342642
-127.48111957939476
-49.96871711948337
-65.40230584117023
-56.90344928918495
-192.8434432730341
-118.2013662695343
-298.74929767708204
-29.043133369152358
-69.7348773335662
-224.45320002748403
-60.39901348158647
-99.42330019510294
-45.64643036841684
-61.32612772247944
-107.01450416805149
-217.1209731585242
-175.93161425905384
-161.58129029920894
-113.84510550056629
-59.703817628676916
-191.52560409279042
-112.85521381634969
-125.12204051694968
-79.88391443788504
-16.9038543614315
-124.98842266732089
-72.51754543391331
-169.192643696939
-144.29627357097962
-92.96746657999107
-86.80655294953971
-150.08504163113494
-132.92253697864322
-202.15373966119938
-114.91621178130534
-85.25565425189545
-69.52459927591511
-146.45721040635308
-106.1545488392327
-59.222848628547375
-194.8770279640175
-56.967777610202845
-18.725709377246332
-42.09392989035156
-135.79263774659876
-183.71870953733134
-74.93112080218481
-112.11319275532463
-77.96810869252195
-81.8080749488323
-55.550923144196815
-51.88660682338181
-59.23162321504565
-86.00728150352856
-125.45554623551742
-97.9303634519754
-155.6418798348099
-89.02480597389282
-77.52816016370433
-120.11826822396465
-81.65349708268177
-67.4717840470776
-116.13447311284288
-103.93742784880422
-27.28224725782613
-80.57105985708901
-93.37875385606371
-90.7724241720997
-115.81824085729028
-149.370367005127
-200.19764452527272
-54.56557215222712
-166.3827676406309
-163.02552882395145
-72.04234927888872
111.5291864304549
-121.84738348057053
-182.21368207200783
-150.41834621788144
-186.89993106195072
-116.6263630731938
-234.64599576544055
-106.46626580339799
-202.72188728537589
-192.43756782924353
-94.64548527512501
66.25810770533428
-99.05488434013333
-48.053734697852924
-185.05728767850042
-54.57468624798422
-174.27602795266313
-109.0088144064191
11.502940031407633
-70.99874354658198
-84.3096003860149
-62.37215116562628
-70.43774576001528
-139.08190003773228
-123.35025362610915
-108.71398940606971
-1.1799397524005144
-72.22598111017541
-29.749619683823454
-77.51560616683349
-72.8091164141679
-98.7987462551658
-152.55084076628998
-56.47444337880915
-37.92278586107009
-89.80960485841531
22.923514192828623
-68.61075465529392
-57.41855762861162
-66.82917511879774
-116.74244332203376
-143.65019405448885
-42.00156643129952
-28.396303130679797
-144.94527255963484
-110.29688197545762
-87.39324765009256
-179.6843296130625
-180.99795887816114
-80.31190744805447
-54.10791592713684
-35.57155263101659
-106.43015763825512
-73.85161238826925
-148.1984297503152
-33.09651894007753
-133.04969017660062
-109.65567186699084
-132.17636528026568
-2.1514479917008345
-2.242953505421724
-15.973913556573834
-126.50940461833486
-28.572301806024583
-146.15997760273171
-114.10199739600544
-107.9102276530628
-44.83495882220787
-122.41443170063391
-103.57407305741238
-46.269137797833444
-22.551846214742707
-56.49806748214267
-167.46977748293384
-34.986477461752614
-40.93524051694796
-149.26608045642766
-65.93265839838591
-142.53539367266725
-52.71555175446332
-99.83444937712143
-6.837828879260755
-115.1888216345321
-196.35020608912748
-109.8609690913929
-137.14798900211588
-201.08682273791115
-113.82009825426607
-94.0538727135689
-61.02128957340647
-111.49465121314165
-180.09062226088878
-206.07827143345247
-138.18221010590895
-83.69739126755907
-92.1953151843364
118.46834386337304
-172.5291242591464
-232.61603776939108
-97.71709265616514
-9.640289797908917
-4.906696090627079
-58.563248607325356
-162.66137070603185
-45.74664705017038
-144.66352525418952
-100.73374225090781
-80.0726019582198
-153.17316888657479
-54.22171918885896
-60.725122156585144
-177.03562807770913
-63.6349774921267
-125.25149111171191
-109.46048444011087
-66.52433155788336
-94.53456293590366
-227.45626777511274
-57.789375591428154
-56.051426837346376
-114.76581027326266
-43.54085556873071
-186.15274441020202
-155.91293347688745
-217.88774673128148
-248.1877836740393
-160.17637914543653
-70.72506869128188
-233.91606491817382
-64.17018589093213
-150.58963050722593
-84.95535640617442
-62.1990434005955
-45.73803111124124
-155.06455866684377
-137.43043158268858
-79.30445264430627
-86.99064147833472
-40.467200719492
-114.90663901954457
-177.25502741610813
-80.8294551142115
-209.75285316007373
-59.435526751268384
-127.15482908439864
-37.4055759508954
-72.2923293697124
-60.53938120513513
-44.47773007615488
-57.43645009246858
-101.92161377766327
-23.248654004332167
-86.14212945154436
-252.8653509650947
-29.91454422802203
-88.40226887020236
-78.16355743435203
-70.56834549505317
-77.5424809045062
-125.87921528711989
-178.90993163436212
-98.84259410755392
11.774961389340351
-88.89244762451654
-9.486693458412304
-67.44937812028098
-167.6685811700183
-84.75035579997903
-125.64605525676919
-169.68360456575738
-121.63791990458151
-92.94302178054683
-6.194830628719046
-36.643239733413694
-274.4479152542967
-68.12611412701362
-191.5283362126031
-91.54841532456292
-110.37550625414232
-116.79929495886881
-93.46047734138521
-15.061626563532656
-13.968919553654302
-317.5877072343369
-63.027261073818416
-87.05242979861264
-62.652074670456585
-26.285160911020995
-116.87755277851318
-80.22869945705209
-120.06010428789462
-100.80598820510954
-64.20622006243293
-63.54113545236305
-149.96756607485366
-63.34438432109621
-187.24314130884244
-46.722813392614164
-46.6275594827914
-88.28966884285664
-159.4352414982038
-147.1202990136189
-17.134121992310085
-86.0351906597627
-45.060478175621384
-171.76606304309087
-74.46484984148863
-204.68383294934392
-13.966647027942724
-53.298873966707845
-85.68345469317438
-45.747257214328634
-97.57026683335147
-16.396563537869024
-25.493316800266427
-20.641032984127406
-111.61882101277936
60.673618421385285
-37.597140976317675
-174.50749122143506
-140.70386190427052
-62.14799409344026
-123.08426249820505
-250.33019171478176
-103.66155674302122
-79.28740971988903
-49.839719998324426
-137.13594072282237
-65.68629500348713
-40.7547503198133
-13.6492000080476
-51.91968964825823
-2.3339391887358403
-76.27435167080411
-108.55523976377748
-109.81344657580458
-30.71367524222505
-119.04002982657332
-180.80683000818334
-65.40030788171498
-54.485721474098696
-195.75021175498773
-71.82611233594741
-58.74770717960512
-78.17279883802654
-40.70452658092163
-153.10175758469103
-132.4568124351518
-87.57272603386573
-44.283135407240806
-94.07583038824122
-81.98238263406914
-134.33028761247164
-28.775930171018956
-70.24095669537378
-156.8472199576172
-72.12158586394537
-120.79888477146525
-158.4813548395631
-69.27763048081826
-67.23595801264759
-74.51867673116541
-98.78520179111284
-71.19090603203739
-67.6302215831497
-34.164824300510574
-48.7108863116193
-40.776108616240805
-68.95673523194102
-146.6217106221062
-100.20464934066024
-112.5388879408563
-42.90746708243661
7.339653171883157
-149.61560543290983
-93.87250797892898
-29.73868997640453
-319.85223364852305
-89.99740429381278
-122.8737113593707
-51.857479565246166
-117.09039021485404
-76.90719759818435
-148.93472868090944
-174.46558209858574
4.953394893165655
-153.6914686126563
-109.19250318891264
-32.021298895944426
-72.38040847004812
-25.501945818298196
-18.979799698847614
-92.6621725119551
-150.0080113302015
-9.932382809157176
-73.33506693681048
-59.87107300983707
17.421350666125917
-54.851139506781735
-68.29949396522606
-22.447635098678006
-32.061979782863745
-70.74095406641094
-138.72061982476325
-134.2677926255972
-83.04107390202996
-56.89872658005114
-23.62735080930787
23.98406682463473
-29.84241829933921
-11.429740488253387
-44.69392521991476
-152.63618108666577
11.630649012004309
-98.05312587201303
-112.05046049914807
-50.466896923719716
-25.936221502594947
-137.6378183258087
-141.96511733887507
-72.75646994046656
-30.91030082605009
-215.341723038392
-24.79320704782414
-3.6207101965267725
-7.980824071229989
18.90740670857754
-38.23199725948182
-72.36501366586931
-36.56578239225604
-126.78196113382722
-132.12751731915142
-28.750553679788453
-147.99019373775576
-88.09555504653103
-182.72131918670624
-102.83538486390451
-156.12604771441104
-94.94387345798677
-27.77594473578533
-129.82064819783602
-133.3059780570252
-31.982152695057806
-167.19705245994533
-114.37576070441017
-17.55190519396055
-77.25156554822769
8.266545712671956
-44.24922609727668
-171.51763134117124
-98.72747567771647
-131.69960522407456
-22.814542219382645
-57.716031906595504
-31.017698500530443
-137.3061633654519
-41.194059401432455
-164.92934468326672
-15.611421807472368
-128.8012713129507
-138.15593228009018
-96.32051128352771
-31.296668989164814
-148.91538598157302
-186.30202958698573
-114.63208805211138
45.07031929387375
-98.97877367880362
-94.34796530933511
-22.48462560923896
-46.7955559015901
5.890083291633713
-75.23964507763918
-25.3265949117918
-47.81707519674425
-52.587853035284255
-81.90532232497937
-132.42298874046963
-68.50453134828196
-89.41838840858928
-30.33153354198447
-83.74297248003387
19.177180678433487
-50.14774014479471
-35.68129462295276
-51.36341580155759
-93.27049444840745
-21.056556966088113
-49.27877723621238
-73.89915434034
-72.43748298118783
-93.97751050744402
-27.566975984331663
-40.65362274854185
-31.300632199777144
-5.996037857967984
-40.859752578510225
3.4096653485003543
-110.56574717062108
-215.94797233312235
-92.13944545956713
35.2378517571581
-189.4488319114871
-162.37726849349917
2.097504318743489
-33.590063662883225
-123.07618101730743
-113.45986278431262
-67.83508729369687
-19.00303516216168
-90.46444394373526
-79.93860408786935
-35.252852200566366
-133.501278055638
-125.01800860305023
-173.3012054417087
-166.579126947688
-28.74265824806399
-115.58970301198035
-146.56616966686164
-117.77259306795202
-176.14496167620354
-141.58855188338356
-37.737668647533795
-151.31398143825416
-89.3558436109009
-76.35665924250773
-39.81258893650423
-73.50647650535032
-173.68323554415326
-97.53004513024761
-186.5661091048538
-4.04379104489233
-93.53858082085495
-118.28206414637484
-104.11742112308563
-77.34099567644672
21.991185579814992
-65.0394971979448
-64.5133274043315
-56.93058682298091
-109.12646376817759
-25.150226865168236
-124.32694356973049
-109.00831239894659
11.144713552886884
-71.83922498481394
12.567750011264167
-13.187554419416998
-81.68650465474181
-63.153297640472275
-46.7405793340219
-97.41495289216164
-4.246825487531424
-298.5433225735633
-55.80099834359689
-185.3848804162291
-19.38902276294627
-44.91375485560489
-214.9418295347529
-99.06241148375227
-15.593006321835617
-8.97355369668071
-210.8770181513983
-62.502342984793
5.998371002263281
-24.824311250085728
-55.05492102481821
-143.1768068546652
-201.3841011613153
-41.045704842855294
-48.74505066588041
-35.56151349960821
-165.9232924967938
-60.55601315098013
-0.408479222123475
-28.611178329689494
-15.660917777324713
-164.41603179687192
-47.213168078471725
-28.642601856762873
-187.5755555984493
-136.62346668708736
-106.73152951297642
-40.10211569678863
-3.6888979714733274
-38.10087196968446
-28.91136540044813
-78.6205720824232
-125.98688657870247
-65.78339341948
53.30722327238425
-73.59159084470566
-49.608513103613824
-34.865586606427684
-49.96571852073808
-47.64482358099491
-140.3781804843721
-21.918437536963776
-156.86409895308748
-121.56846158904602
-35.620750606965515
-2.317855709764107
13.784517658407836
16.322533578128812
-14.981459568594417
-53.88819941404189
-58.29852210893264
-156.99301056796594
-129.8424520779642
-84.44864023406804
-31.70068728262529
-58.899681428192295
5.888571151715041
-99.37750813814402
-134.01203645827178
-160.83020243118483
38.66423691371247
-55.671656216457166
-81.61064554739988
-159.0419381905415
-45.66354517374157
-102.91715159992863
22.987382866691014
7.841731862867519
-139.80384052562857
72.69980267687978
-62.719013524434246
-5.356735804223273
4.709971907072891
-58.02302936061249
-76.43770836778366
-58.46775323547364
-49.9576385297275
-112.0076093730914
-157.6076171021138
8.743726640457709
-16.525147533346754
18.72065416806669
-20.487837095740023
10.11637126818222
-6.867638594363555
-7.624162309859813
18.607742766833212
-153.61723287017819
-63.45914337308223
-67.83070405319054
-47.142319409422804
-176.17658222878214
-133.63390738499348
-114.16415250679616
-74.31110339789555
8.091221384280004
7.102791577988512
-76.51965984264089
-100.68151199130713
-84.58807985994525
-55.231381486646406
-134.10060315635886
-80.29877827363012
56.09240665610716
45.787078541970146
-14.879375427184073
-144.10594220631654
-164.7516342187014
-14.757633225708815
-7.6781347842021805
-77.27306338052927
-45.5307450052989
-196.85711043365154
-87.35072941686431
-96.7570251163542
-205.29680689633494
-8.511406207200594
-215.74566010987752
-62.09658750554965
35.857578165267256
-12.379207772661545
25.96548134755355
8.093372494420699
-50.34911323100187
32.13836854563027
-8.052000899193782
-96.93941918285377
-71.62300030186086
-61.286228342037006
-43.48576839606172
18.28871821314189
-30.47606676797706
