-246.7742355612264
-102.73443699455031
-137.97483148526157
-144.24709295150228
-324.507586824109
-324.8745106430384
-265.95172313289584
-76.05965627128434
-132.7537607588855
-289.5776263175899
-313.77837436928434
-87.91038692402967
-118.50120297465583
-116.61734531591384
-151.44716468048674
-182.45694523479466
-222.29763192011703
-218.13261081672377
4.460041314311596
-403.7691428542009
-193.15067156321032
-96.15272195231745
-100.26539572520367
-195.86819574823102
-99.1365086623178
-313.25862747618885
-254.97024870974712
-396.8699740338334
-82.09303701082717
-251.58370073840453
-66.61474464349905
-80.0072891065266
-273.4483346313823
-204.21772536305497
-322.1803893456748
-170.8241308893338
-21.667111330943214
-147.00705732962209
-218.1031767664856
-246.3801670058871
-303.5048536847925
-121.33569526730697
-286.75794676566096
-341.71195355421963
-400.90474748898515
-324.3994474463384
-109.43513189508984
-156.04647189133726
-125.91933671667041
-50.72725436533568
-261.8009293500727
-297.6503811301509
-249.06955171525485
-448.7399239336364
-101.53574618226726
-278.31219335300045
-156.59710167164036
-471.24874956473946
-61.59721489833442
-204.42772133150433
-186.42017542308753
-94.54605743304202
-87.2951063005398
-234.30230581026117
-157.26355270981097
-307.639887117705
-419.5824351078192
-210.8756037464949
-78.34757213730494
-395.83413616682833
-279.8347602364788
-252.90128421352335
-250.70876298456912
-71.06225044731039
-82.08663717395169
-369.08984910207295
-143.3039012164176
-123.23186798806736
-424.60193535431523
-180.00408260969817
-245.8001378726669
-196.31746492996197
-101.90282897761783
-128.72719455935726
-68.1466903128318
-215.3401697713166
-145.34324998405228
-386.34791459189876
-149.9818174269323
-220.12954835848072
-132.752090105012
-71.27563220769082
-131.557150255287
-102.23061943637934
-259.10585192515686
-145.8071064403485
-396.89537237040383
-56.95334450812241
-310.45864862533494
-207.91112688795752
-191.12886362888565
-305.6351420282467
-440.06223155554153
-139.02754475416302
-175.23084225948523
-93.30624111927753
-109.97770512919581
-104.3200971985932
-314.54076304750595
-260.80218758939765
-173.12109114178872
-243.90440958907354
-198.21350581730064
-159.3168665663414
-301.4296860404934
-140.05671353877588
-150.69546347739043
-253.91147467713085
-43.452999029131526
-285.65877645242824
-167.52543105506714
-61.7811214144657
-191.64216877853266
-40.9949847289085
-91.91341990865948
-90.97475083807798
-136.5515422398477
-167.17919118751433
-214.14689155939163
-199.41656900550083
-333.2919566719971
-334.92520901144064
-302.3712690092076
-169.94442347768097
-224.88156260009998
-145.08174334718572
-360.60130191172226
-126.4435622392471
-381.66866710303657
-171.74184231037037
-33.02583558614414
-207.78864341302307
-143.04782078430839
-34.953682246220765
-147.06516181548892
-160.355541491794
-261.5351534567277
-68.9410629439157
-65.69557814432595
-85.73643212359276
-378.8315766724823
-123.7178231669204
-90.9333208525373
-211.74034490956168
-272.8645714221353
-343.0142181420636
-65.0901421435184
-140.90658476318674
-46.12612734815319
-205.18899109286377
-61.53566321447246
-208.70843156746514
-68.49404319763525
-109.69800893076015
-472.00053348196604
-136.2879761229107
-171.8549927056556
-158.23883811150586
-12.09001541117783
-85.0870856559356
-223.07712404413314
-368.13057953503164
-103.18186554761151
-57.901023298841835
-338.98443434001507
-157.57584919310827
-131.77635918404485
-96.20526301463748
-316.65677431465735
-142.4673012419585
-151.6309790117038
-277.8078425514152
-119.42484053885978
-198.32404720091455
-177.77743547920323
-104.33258179746792
-245.84422325301145
-80.84371186195668
-96.71287248058327
-0.3752575644658833
-50.12938692463133
-148.66388671029702
-224.1449604830003
-103.34079627805173
-130.60795969313057
-113.52508929291808
-135.3301101245728
-164.26257632560493
-46.02127935274343
-285.8864158267671
-101.87501037185268
-73.7923902401368
-381.47315441777164
-374.17807551440933
-126.7541491831782
-288.37027449899546
-405.6946142056397
-185.68911723828867
-92.04614246764639
-280.41215858569865
-96.43785929858325
-161.83319297778485
-171.03847304521923
-146.15789233640254
-237.159695183846
-183.3465180908742
-213.02854868505918
-34.26101308220279
-225.5191229383758
-173.28885851280305
-317.24172996316355
-308.07345428264176
-91.94505857329642
-313.6808538956609
-379.6977120298655
-102.2155325095376
-276.6993856260468
-310.3945280452805
-111.37015482198046
-79.43888078968024
-282.65974183132255
-137.59837793123106
-119.33294787441665
-33.02739724368485
-84.35108789919568
-245.5153823834203
-126.06016626955608
-227.71499410503935
-158.67618036438733
-191.1006944328403
-132.10224123408824
-161.22427337206972
-324.8445873261692
-250.67109637104767
-339.07012366368485
-99.47885537614262
-246.19617754219072
-119.66270072300532
-254.48201724708636
-183.55501522109287
-142.58556522183778
-197.27949343600258
-123.4808448647986
-304.2983833772817
-558.9391164766394
-254.02586162276825
-75.00346237502146
-357.07287115873015
-97.59188992971829
-295.9739670579818
-105.16549463142009
-134.08895137006652
-132.21768636799783
-107.33275757657447
-120.62719632116236
-77.09422601562578
-359.340626047661
-53.056205249567725
-114.78718982603219
-162.99592924351083
-262.83307278634436
-159.34085583560966
-97.56711630028661
-104.619737175739
-224.95816861868428
-175.46455282240427
-177.53002426436288
-220.28484186918828
-60.20319540850869
-50.26856397387343
25.319511777852455
-65.7970567525172
-317.23534041361376
-117.16561210827479
-193.09236434856422
-258.87571662760524
-250.04360940763613
-189.73231216306743
-183.92116915929608
-359.009347729812
-0.7835478452822286
-229.17261772344517
-172.95843976813933
-222.1112575377478
-95.3687062370013
-200.94974128400617
-71.04186481467468
-216.37671189921053
-344.44156599996575
-122.55889331189604
-118.63092414132456
-110.68111036509535
-259.15624107476776
-307.33255020450963
-260.01906384532094
-114.38825910452931
-376.75265328854266
-201.29501761031975
-366.23191465221004
-125.08195093541191
-253.0678051296945
-197.727733329389
-77.02671615104788
-102.93374767208931
-44.90501150342439
-140.62540758208453
-155.32320795031453
-90.16999175031505
-128.8809805891691
-70.04607574490787
-35.896513355343515
-86.15587235162367
-76.07747366016736
-178.94880213155105
-70.69390438364675
-61.78766827256759
-218.8710134773986
-50.990445704036176
-21.009795598892694
-256.1883384971612
-414.31207600369
-326.409950770069
-315.6972565851769
-357.2685839314699
-299.04380341318245
-219.12032873166018
-268.4616840366551
-73.04478399588064
-92.95275662386867
-234.98150605627998
-216.32972891160608
-42.16586102012025
-48.245473068337944
-267.69312132741413
-118.41726270502274
-223.83914043748894
-157.12397768872992
-223.04759396611678
-191.21068306360922
-133.65606593048204
-219.32038760969112
-207.14561275479906
-273.7143525368467
-107.2143455610279
-138.1196095260601
-194.93977685619558
-111.40140803836724
-95.8992762020329
-209.688802383743
-172.94177065514515
-76.0425034048624
-85.21697657273326
-135.9552404654545
-249.9702178588442
-111.84856479377608
-27.78955848558347
-153.3560230138964
-207.480652067334
-97.01985123134494
-154.4942573115776
-149.54937729353378
-382.31168803560195
-73.11323318210738
-258.24623387883815
-105.39770027640458
-113.87391709334767
-216.8880800222848
-161.41204309407192
-297.72814845163873
-204.2784003928669
-131.40543571676056
-97.69845116263843
-104.94070304028223
-246.28596189133987
-196.86214339210795
-51.05174369655145
-83.35940502193225
-65.29670757311202
-312.40188678836205
-138.13855574094615
-74.58986299463892
1.2876838102031627
-222.38900333901432
-296.59535182638507
-138.81558850968713
-36.73755364110813
-177.73174563512617
-82.97996967257708
-301.0219949538439
-50.494481318735744
-251.38295100548
-292.58521403044745
-99.18934774059649
-234.86291541050022
-123.98141719455623
-94.03903856642668
-409.56369118839217
-121.76904481584532
-26.392402069602753
-88.61481816221283
-189.28489777427177
-193.47256857000525
-42.54911464306451
-97.95107803738395
-80.22274581809205
-91.27641100047768
-135.84872019249573
-64.57271208345082
-88.46306965406484
-184.4641134902539
-171.76981125166404
-330.57367907626457
-250.45623806430467
-76.95159249192687
-94.44149267812176
-89.03152970220373
-240.50089175100328
-187.86820367240307
-155.32435663841432
-97.56938103795434
-102.7889455523904
-103.87313154338861
-527.3610169971246
-100.7877471656306
-269.90117058578556
-171.55527924366947
-102.73352957651694
-107.54486253948173
-267.7110265070453
-254.2729922106246
-84.00594526148835
-302.68544494324476
-132.2076955515141
-93.8740914083802
-86.99096764595534
-118.81509439338855
-122.00314859069813
-119.44199352082077
-336.5955655606237
-89.81975225642786
-230.73857654012255
-106.22453438099342
-220.91346566299097
-56.23328542231707
-34.02652674550136
-89.99417888180055
-213.45132875936793
-106.68375555506299
-182.49203610164136
-181.6870935108759
-134.2077195741631
-211.33812480349127
-132.50427520017075
-239.04152069325897
-233.65078085021915
-151.48860623474633
-99.68879812035092
-163.8567135404211
-237.9871005764293
-182.6448398476736
-179.1704337662323
-23.853835432263992
-248.03278675081302
-74.13212734589288
-111.5147902838599
-89.98416192131444
-217.02528632188654
-113.16685028750669
-228.0495269565265
-84.5217715274041
-250.55577735879655
-105.75514481030207
-185.82297087359854
-27.389185031640665
-45.06636094349467
-115.20902330825253
-180.15728138360342
-163.17253648414015
-129.7950549903192
-96.47406303706352
-175.18297613369867
-253.13857997002322
-145.980917111654
-94.6869854651802
-129.6509183760717
-198.43527541902472
-78.9061543217714
-111.62576326428207
-187.1398753193647
-190.12024292135996
-111.87396434142703
-114.9028990901183
-261.7988684571726
-237.63706492472096
-156.68337695563127
-158.50619800253435
-86.26467665611409
-195.15033098335107
-110.18950600154258
-216.60845462950311
8.3888942061714
-189.4691674738247
-78.08922504551393
-253.54959417777528
-305.30427890329395
-121.64105641577645
-291.4445533022358
-109.44617708492378
-162.07775090941297
-173.13522001169093
-45.86684843589447
-383.6122270438659
-295.07103877882247
-187.06195289019334
-221.4242885091516
-133.21323035807336
-176.16960325235272
-135.00661283498854
-246.92065684942287
-209.6873160014615
-259.3290620171207
-227.60128747735467
-149.61833580821178
-115.3422874224506
-207.46164625929686
-124.69825403256704
-88.63395998220453
-65.81955132057908
-100.44437588322482
-249.79120673032764
-102.65835226353694
-136.39723312449328
-146.79140702764107
-86.83444112124053
-67.32774621008528
-82.96887518289492
-108.94725137532203
-88.05324339363933
-524.3340876309089
-82.83842980860359
-128.4076804246532
-295.89638329795434
-43.07196050693457
-96.31528871296231
-110.82874929353424
-218.80379103322076
-214.1413540557194
-99.27854474111935
-200.27221657154303
-73.56317331441093
-16.48565575540745
-130.46426734364368
-285.8417724314901
-114.30173937502423
-93.53174114834981
-61.800041691264134
-103.46300501251966
-336.36286234740896
-96.27787397948708
-194.50319744253687
-137.5507393766424
-170.8742278079576
-123.6799878127054
-118.28157544869006
-120.97573965192541
-182.32950394227106
-152.54681601965655
-98.45673457179414
-146.04501602490112
-84.24670016405713
-73.59652009036542
-138.04861794046917
-108.6571188877978
-80.7980413868296
-144.66784288172775
-214.54261887333865
-141.5569514888524
-116.26814236509206
-215.69147508524236
-135.7954949004257
-40.33460312398306
-123.38681729746219
-108.51772741121532
-68.52758155003175
-226.1395679092245
-98.80327661370248
-215.79256879062632
-89.96756178175286
-106.78550199862018
-87.0013618982884
-72.65438756958268
-122.79789045384376
-232.49396457626028
-119.33079456851873
-205.91632180922446
-78.74385491634133
-172.47218411561374
-42.23123297919068
-22.804955971474783
-175.45555448755033
-264.71284179942387
-182.64033485824254
-196.66517659985632
78.3794388278825
-246.21206834138053
-135.80021548426578
-120.66959607811134
-320.34439481322136
-459.2035012943344
-109.4301419044878
-79.85514666151245
-237.42478825369005
-137.94278850147913
-104.76494184662796
-312.12748505569374
-90.29654375703419
-102.36905987447044
-266.61471764213485
-111.96371390205304
-289.2781882998174
-82.20049318399646
-112.96952556850549
-120.80869399258499
-63.592132240430765
-138.3538258517356
-114.47239306370508
-109.45767673745348
-115.83538414593595
-96.05088205385874
-337.93804247215803
-302.10799818032916
-57.2487015125891
-70.9700596824647
-180.74764191076025
-263.85250939031215
-93.97588828797733
-202.25380062909974
-27.049965400428135
-134.21603668030616
-121.48753005756
-131.98403338679523
-78.12600248673162
-64.0028031716551
-85.56337134018722
-151.46391646047027
-20.794785516482627
-76.60034128617829
-153.95298147939118
-135.16836195963077
-296.5399118429866
-118.3598251883362
-180.8391557012023
-155.2635461246525
-71.22360838907495
-92.66571511100094
-346.40367116559713
-129.91129509992263
-91.72909018986104
-265.89832210036127
-245.58318990235384
-181.0214747019977
-118.91317240352073
-237.6646059850437
-200.20858093214972
-125.45822083561238
-58.80840257539082
-65.92970012284154
-101.99282735510862
-231.8655192742718
-185.8545792784388
-253.71173103027883
-106.22590970566446
-108.52907588550788
-219.6162395062654
-94.28451603206227
-66.51269862020922
-79.55421591431323
24.033553385744455
-114.18836928579582
-102.3774490444249
-256.94495801102374
-60.25407532197093
-89.59302616262298
-120.81949861480165
-212.6586497923171
-207.91393724327958
-168.29509186340712
-180.10774486081215
-78.76589948288508
-137.86792456676022
-79.47613402832022
-94.46575725348825
-69.11524215626045
-127.35260984611205
-138.03586083289736
-199.32683295126532
-163.1167924708039
-121.52739294350513
-50.42904494981112
-243.85623712427017
-282.8535520554083
-125.60684084117626
-130.30368497517304
-90.31158904883242
28.40285233469953
-106.44152773446413
-135.50358967813213
-55.76359996929584
-168.237983359297
-96.42071564043161
-159.91838212161068
-177.7041152053231
-106.8842996868826
-211.37748330703366
-118.44629231740657
-111.71315134466278
-308.3535334707171
-159.1834048548518
-223.15522742623045
-320.22599440826696
-130.37227572563916
-125.44890141862838
-101.53845384385781
-99.36322840508979
-192.31224054851072
-97.19965016863328
-113.12504038004145
-279.5694526786393
-101.98079250051865
-98.22936869025672
-307.70352444468153
-101.9647551453467
-110.6045428945769
-101.69574586167681
-87.50952069357854
-249.8046567123915
-113.30698240850958
-214.76825548152138
-118.13750423552482
-173.92478660793998
-94.50892419571588
-123.22302889735711
-86.96174445154688
-93.07473294051931
-98.26415842788136
-113.27872450865763
-173.82698865067312
-116.22801679158553
-29.361174279698403
-103.95348900350196
-217.12921233485304
-181.0319135650339
-79.8776130493097
-60.491402224051555
-97.28756334423142
-71.64912304166707
-76.05286373071357
-67.40488599790302
-122.58629110697922
-146.85079935614468
-104.4354039168127
-86.76483769648988
-91.70264821153367
-166.515730557171
-154.9058885283792
-111.30082019891812
-154.16900582610913
-161.55601867622255
-59.61847794670607
-114.3760787200642
-129.13956042819063
-121.77945242646301
-198.54917634586457
-207.52621862699368
-164.32850842737574
-142.32134203340212
-64.68606858920572
-166.83569984414368
36.96338044746031
-229.57509549968998
-116.97494879454348
-139.7872933868424
-99.39719503073385
-107.64711551226678
-89.7794842797763
-109.63923832972088
-81.02095011080024
-84.68211645910384
-206.30052013847097
-243.49702294435392
-110.4613577545984
-126.3623834050915
-217.4165938736334
-95.68302602145047
-121.93887445025722
-115.7602749295844
-127.84327440157325
-266.32546188140367
-31.092973085123788
-144.6559046919881
27.17701597828905
-154.3098924614626
-113.98877721776874
-166.6296543573552
-117.38090525729666
-181.7825837173736
-138.09074738287305
-200.44226741788066
-120.6587351878004
-135.40603777011557
-85.83870558744759
-231.76215445153616
-110.2120714986811
-176.4770570768502
-36.193888442141095
-76.93993632031311
-141.43307759685825
-90.04728663548
-78.46132957359764
-84.4100483439825
-121.62989792149307
-151.13508199893369
-110.25955711763382
-98.65456456490693
-115.6848467433209
-83.94752442607893
-141.38868890347308
-201.52248462858472
-354.4814243249389
1.6063662085148351
-112.52191106517218
-155.83590515661075
-159.03839150477882
-15.843936689739266
-213.36211170469232
-111.94258385847387
-74.44576725425239
-149.047587797115
-111.56305163553571
-116.6284214832335
-280.7916645677778
-151.16975001077887
-73.18763315900269
-96.64997164888729
-156.99482145263318
-229.91765770548005
-98.8303507964699
-113.16088899368012
-112.69146971965976
-103.68702642528372
-119.1433256231273
-153.2533232184734
-112.43007823913493
-62.55485650907109
-55.40384087096976
-116.61060287504651
-147.14789704743265
-64.6609729198517
-188.29558017772337
-95.56941045466814
-158.60135096745518
-127.35084176991128
-148.0842253918422
-108.27842948459963
-122.594442568583
-45.35179514551752
-151.19477376176786
-175.29387477660958
-112.06606431138277
-76.5596867057692
-96.9622255301444
-85.9776711563884
48.127489757794365
-213.36179164848994
-160.54841268781553
-91.41002221822342
-238.62169065807595
-63.61712514020853
-126.92886390900117
-234.16327459818444
-93.06940067177842
-145.3006321500419
-54.179094434353544
-151.66514056245737
-113.43113066963497
-306.03970092538395
-61.0964243826385
-111.74807529938971
-129.6329592547387
-137.23803832878144
-159.66297288892957
-97.34610594878835
-276.8807512171272
-98.53759090423453
-102.5743561552909
-94.88082534504989
-99.38824296581961
-197.03092592158524
-125.11367453752086
-143.06352391224746
-63.360409408795434
-180.33793471962554
-194.29132635311964
-140.8501462459917
-171.5093294324451
-114.6763221653269
-173.40085898527587
-68.16218356562983
-93.75052918513805
-78.0570227582833
-0.8191903127726761
-143.17101154100553
-109.87363571407612
-70.79309652366017
-82.68250868717666
-126.87670775992592
-96.98818353934871
-11.1005872283136
-171.39590724304617
-140.27459178726798
-149.82742740071416
-261.3913906603825
-99.47852855737689
-110.19514502769441
-109.37147757628264
-281.0212194771598
-159.07801504955756
-182.4757172441481
-92.68894084496502
-119.60957754034304
-134.8666181881657
-58.30684756638459
-193.61894561722613
-113.39402850139739
-63.68600068406984
-65.5579212724528
-330.89826443145046
-101.02559327177427
-125.15111330734379
-47.80780032994031
-106.10658880002794
-68.50020049699523
-120.66560592175784
-140.0190603713293
-105.06201237615247
-114.47330636753175
-270.3195050890505
-199.5851545145515
-107.46776751114594
-175.3895812950287
-41.88461544542194
-137.23507493404855
-177.30594221843165
-22.407057318211788
-123.28332478353772
-115.13229159441036
-103.8965248209389
-135.1598539757344
-101.62928427860766
-148.09951006114272
-77.74698712823991
-79.85266933418399
-89.7835788544864
-130.61346600521682
-184.7526956745486
-63.701349679358664
-55.62214677127582
-115.52901665841904
-187.28221976809408
-156.84715804691936
-321.3572941399875
-42.542300420852484
-171.3727599931382
-142.7636626760753
-257.25895422718736
-129.32314651876717
-83.78804498043976
-170.20441347658817
-176.588241733325
-237.26251800761156
-241.25966749545574
7.284369584429086
-258.2928567706317
-327.5394723032041
-75.44948307210271
-95.39424840299698
-113.95531474351829
-167.123253933449
-74.24271121531586
-109.47334396063303
-123.13593142526936
-138.8050213801368
-84.53424531225141
-98.03945838025413
-115.80475311591393
-81.81305007993443
-114.0926849353303
-104.85753149080165
11.537383084648837
-92.74828421664688
-119.11958968879118
-122.21226346850028
-201.19026599497585
-72.7810264991197
-58.61451729487618
-78.73727444233015
-84.97958119474407
-215.66595314016362
-153.90925326750073
-99.7068446727102
-213.11424549143084
-141.35139224859302
-118.90145827597058
-128.41828662133926
-57.92816693747401
-67.64062605203193
-130.23168909585306
-98.52352346943513
-80.51081113312478
-58.85228596179513
-34.17340269170026
-209.74862344366676
-148.1454014575992
-123.00574845158722
-116.16903888218201
-111.91459924666268
-43.41503968552769
-132.4268967999508
-104.96850260866462
-105.55102052441715
-193.48096654487355
-235.1573347035774
-47.33982698740631
-132.22564269717506
-136.7477478314367
-153.13782242091304
-85.52936844453458
-167.0498869697055
-64.79303113785062
-76.91967806872988
-32.52862057003048
-115.59228612213631
-87.34471572996853
-95.65798777488251
-122.11023952376641
-124.85542602341341
-126.72786200257408
-105.37136807817734
-142.07894453405518
-131.26306859173243
-100.85845701966487
-89.58187512522173
-143.25171811235674
-77.40431794747812
-81.09720965064449
-126.42578507549194
-220.5849426009832
-178.6347951480571
-103.457846065103
-264.3809673003156
-177.20278485274525
-70.82595875604336
-116.45386433159507
-72.22877058193043
-165.1663867566084
-226.46663356910278
-57.192939414371665
-122.92659289592795
-115.2086401826862
-148.5186822108892
-172.61813279085487
-134.2192575857267
-367.2247999924223
-112.87323998184647
-162.02666515921453
-138.2163796291789
-110.98028308895371
-111.95120925820885
-144.71139359094548
-128.22081712158473
-253.41240664220072
-121.35209723936487
-94.84983289515252
-74.17151301267458
-127.12953843450217
-115.12362006560458
-131.13550506620837
-188.8244166826344
-90.37557408987465
-76.85045090503138
-126.42910525840453
-101.01933352123616
-120.7693661239324
-236.14883700309525
-87.78789016512414
-56.67574529936006
-83.06235385209186
-70.63205825919792
-57.25098313364578
-139.03972888439884
-86.70880838708452
-50.031544738056354
-159.26364698724154
-41.50053086456299
-216.61067103968105
-342.37483029808277
-71.90325380542251
-87.63449954226579
-58.98918550553201
-136.49591719073342
-168.15855794966564
-59.32944258238921
-115.64421911055214
-124.07954278119561
-128.79650356429033
-123.39408288913448
-126.4910703400194
-77.62944428479881
-188.43438438008104
-82.21789807974616
-66.55084081602419
-98.87166098642122
-126.15591985210978
-349.3684629840965
-103.604203368772
-237.69492316479426
-135.47016802832988
-291.2621859945177
-73.31315631560814
-209.2907611250804
-164.7320590779973
-97.89326522414416
-75.57108752459982
-149.96482645439562
-36.13323975242481
-93.42840016862853
-107.48404651588123
-78.84016091631912
-115.37150450190887
-191.22668431008174
-127.74307561233917
-108.10401035366067
-75.23013617311943
-149.58710789566032
-88.57745647911054
-210.6928408008078
-261.30005055300444
-116.61794101153176
-203.52125140418804
-62.65497220961141
-157.1230944024791
-160.8823118906261
-315.72948146279816
-76.57479272530217
-119.61041311678353
-128.26096417143063
-104.30761422815789
-111.96647301532573
-115.51193995460852
-99.71818873964497
-154.92911069153445
-58.541087921351966
-79.25981065438444
-251.2730099810916
-66.54429809674204
-134.8203168386182
-175.0442734754285
-135.97397596034392
-152.22828632568445
-168.39670872902718
-96.5239279080374
-76.90591075605249
-100.59609525753831
-111.734826389663
-105.63552044504723
-91.40981236471322
-131.8856445438261
-194.0568584426428
-157.03743685413684
-248.9953719219121
-105.25019760866789
-102.17065537451977
-75.8457562544549
-37.43702683782683
-129.52389586104147
-329.8621386265123
-97.69909463901217
-53.440314680067246
-78.60034036243644
-126.42816746905228
-160.01909955982188
-30.570246709899905
-34.03856608738094
-62.61319913527932
-113.40646002509915
-57.89064944927505
-90.17027064378641
-79.06865082719169
-113.95967846067481
94.966979447535
-80.83149034306433
-164.35240788116926
-123.9042537353627
-96.69132893457841
-89.7586478804483
-78.3507453510203
-105.772055317016
-128.45868966547184
-207.60453103281282
-87.00338210899426
-116.10591567545872
-98.25457165674042
-85.67873128731114
-61.978427774775234
-113.68498798069079
-122.88128784123246
-150.33708617493596
-103.57803887309132
-110.31875629754686
-79.34089636312265
-166.68285527818892
-132.14020786405428
-151.60649120327102
-268.9476998919103
-69.40069540252676
-201.60849029668384
-118.82455711444874
-130.4480697765437
-92.7186145366181
-74.24798889752114
-6.736956422190929
-71.24599333376663
-140.62765423621005
-167.16609639459423
-110.02692343841588
-125.6556482562011
-259.289162556085
-106.13392460201212
-27.18679847164948
-160.55461226670747
-225.55365636383354
-101.86953860322149
-133.13340956025726
-128.66770681382494
23.95307454107008
-159.29298703482272
-372.40458235713845
-281.43920794760334
-128.0512133308161
-57.897473394431216
-65.93733671331064
-79.92334551280067
-86.66532223418943
-144.54146436345292
-152.8450425870061
-53.510453640388306
-65.87995589767715
-196.40844585592475
-314.79251272658007
-315.5188152321457
-111.2135695897889
-137.76467701239443
-97.29361965237429
-51.529529989167656
-103.53957361900581
-324.8311371486443
-77.14481715710394
-91.70689451040015
-132.14196096052822
-212.16540699581094
-126.69726297624418
-124.59505471666637
-68.64531390837004
-135.35010149401393
-47.084266526207585
-129.95271990352214
-142.765580914105
-428.04614288929076
-82.6343438958427
-157.58117963767987
-99.71090260380811
-130.69967151801785
-132.1987667183463
-156.88962499733495
-104.56216203009068
-152.01491764270696
-180.49671240148598
-39.198880360431275
-53.88320761059127
-144.64859622689684
-242.55380970007903
-147.91584452234747
-108.47349647610265
-71.82059254533227
-242.4897741089207
-86.04838016119268
-49.21823368437387
-123.05290536178781
-106.20384169084761
-113.04942015147589
-155.47548124545918
-62.949237519462315
-329.9353017730216
-343.161953235655
-58.20109224018454
-177.86140027832272
-85.52793896088279
-59.59014930873009
-60.633036807738556
-140.65302267225738
-31.50612099360221
-156.59020421069403
-260.6025238199918
-86.38400587704994
-126.82681691823272
-110.11677543098033
-290.5227614854507
-181.47588662177677
-43.84789116889491
-107.9169880236901
-147.7791158589693
-283.8011868457312
-69.84582773186368
-139.58629213308018
-227.1159420654861
-109.97221026911494
-186.6301556346437
-165.84749854176764
-118.9559307533254
-108.86383572746206
-133.24332848624343
-287.33852372677916
-102.09945581359402
-119.68335772264838
-95.52102302873647
-144.76077826223474
-117.73091595005025
-86.78753052129223
-78.7731103648714
-66.08316668110365
-77.1413266113681
-173.12415970411027
11.713354770190108
-116.97408160533726
-91.5875055500776
-96.29696011119302
-115.47079691060559
-40.08879447808552
-62.25429088264677
1.296975832604133
-105.66232123089053
-210.22986862623196
-130.5531954847299
-103.9542577878209
-95.27480296508949
-53.23832180689414
-98.74224339497955
-57.7407325452435
-149.00358964346952
-175.3285434251594
-107.48402332204887
-136.22055556793765
-79.62741427153689
-207.23802691940702
-170.71511783532083
-144.92588688552382
-104.235295599683
-207.05724991224653
-115.51972440140167
-139.727437906435
-178.69789870986114
-151.81580621140674
-160.76659921152188
-214.2941675320232
-188.93719709557948
-140.09786537519227
-106.69457248356188
-158.67725847821788
-22.40109971112645
-103.78893422305813
-95.52187436703935
-125.54468546990697
-15.650285601306834
-158.58929947529973
-111.73610144945097
-212.49239086835348
-112.5322972726519
-82.90421449304608
-69.54205358628013
-107.2126935332067
-262.40362991526774
-79.55181759101106
-82.14393589570385
-68.48413054243075
-48.45684309298569
-118.15765333180116
-179.4594386638714
-166.22821180464018
-252.06353703717474
-104.66799073957056
-67.47419174182728
-145.66157483569248
-59.98906922541312
-87.93171669352571
-378.40023145147006
-214.1428746379254
-247.07052262005053
-262.28874419791384
-219.51549117709573
-79.62007660753035
-93.83278837558164
-51.403973468326456
-159.33176895617237
-163.77104023555742
-95.18766192237011
-105.84693636989606
2.189489944736124
-135.21331714251363
-183.46288704243733
-54.26251552767711
-224.11903576043574
-129.25788797393997
-99.55020491910192
-134.5048955754159
-65.65203609123674
-116.91985454879176
-93.08126092823255
-146.76486462952627
-102.54639261722448
-108.31238137271902
-128.0333786659686
-151.54389463670475
11.439297042550109
-118.37520685514815
-192.69157708810067
-106.50207817207242
-138.7201274587403
-183.48321738339263
-58.60526922954369
-145.15806455318315
-28.955161514482754
-116.49183888059606
-55.81921370889805
-81.03806686233757
-169.49106579189026
-86.69125930514852
-115.91696120873469
-116.2267356332466
-36.274808639063764
-139.29480866323127
-186.6073742831415
-89.77631749864278
-168.58573487220278
-103.16193948305488
-317.1998932565747
-105.6558342503849
-283.75816617698194
-108.85992050776514
-353.1645737429028
-177.54369655524638
-166.8599481925504
-79.64292433039417
-141.66684484700318
-107.10060666966494
-150.04738341515235
-97.07294204071317
-145.20085264784404
-24.299219636994025
-59.87321620638086
-110.74605665133923
-149.28184092023537
-119.00944042970836
-113.26226997486401
-97.7748859243505
-179.44687635165872
-100.4679807521026
-62.28311424715678
-109.33216599263756
-116.52437378761303
-76.02814703863385
-156.87234669325036
-105.27668083931636
-107.64473675221474
-147.8166726827002
-119.47989787000765
-256.4398445371021
-220.63262594473701
-98.65840630092308
-292.57825842711674
-159.9997970863849
-200.346082089936
-149.38840880987118
-109.76125460797275
-91.80083028869188
-121.56691274434463
-107.877930578218
-139.2996648619087
-177.9378274310896
-120.17276923212914
-91.3550685728446
-159.57179381177593
-93.61003895377233
-115.98115781713454
-215.45675359737106
-62.578094060741535
-200.58997783049813
-145.4883605066858
-82.61413104979454
15.59971437678253
-209.39824737434236
-111.84437637102003
-52.5580805920043
-64.98639211173614
-31.990458251714415
-81.00362550328973
-355.2636307653892
-107.830723979503
-95.4959338709441
-138.8329262019551
-411.9806430098661
-13.121852230003483
-18.23848995416921
-108.53758480137397
-108.53152643052658
-60.76154516322788
-251.91208221013972
-92.959833577691
-142.0821082598405
-111.12373515193046
-100.72507263879073
-102.00991449160041
-120.43451303287604
-144.25265035941567
-143.08567354487818
-68.27412604236176
-236.83703485300973
-224.30060000819952
-201.18392873590074
-73.21678502487015
-260.9576875776208
-217.17826863840594
-145.2636745344288
-84.27376489596274
-159.04826140546683
-121.50387597793743
-55.17118044707074
-58.47693131858124
-175.99520320541353
-177.63722559475082
-64.98154531476335
-104.42676335043562
-89.31327695901227
-458.2869657462172
-99.30805666623317
-147.86643012255263
-131.09513402368964
-234.5314035033648
-109.92657766146107
-173.1880745434005
-74.16899330027834
-108.41956062658328
-132.21891397977907
-73.71735486127002
-211.34207239311434
-75.74861170129189
-219.92072629320805
-200.37821957974498
-176.41120133740424
-121.17520638653114
-148.27309940662283
-339.97372111163617
-111.98824296633813
-192.00207808142278
-103.83557206283015
-133.09657326486513
-101.29221934516731
-22.630058771243597
-105.3293648207892
-116.80647268512476
-333.660936077584
-37.163583434049926
-189.4959568337071
-126.35752421851731
-118.53782078188351
-63.95832042101949
-110.31941702216375
-6.981372032718909
-92.00334770784139
-40.31172348162271
-112.07253343425285
-97.46564249196386
-211.89067555613528
-98.18727341153836
-103.49955482728164
-119.25002569667407
-98.84123409100872
-155.19147640221615
-126.2734592553216
-87.99277296989773
-180.53754438936068
-90.38967124649633
-102.49231646645663
-253.43349081698457
-175.1709038360656
-60.01770187999789
-178.74310335291202
-236.78205314596568
-129.49238177377038
-122.16243014365753
-220.87786823873608
-124.26553806992766
-116.88359187425282
-104.4570164273172
-158.41874468472733
-95.28036212767847
-291.7963172540771
-99.46408001975183
-127.85465999585202
-210.01490046060016
-132.2198752587784
-139.67614509419968
-181.35002782618284
-99.20410620649002
-126.80613801683644
-142.86009418755538
-152.73585650155195
-81.25383646358107
-361.3797262074156
-94.99660845737976
-169.60179283764754
-346.22125289891625
-84.02142897949119
-156.83933796619124
-109.58740470250794
-114.70595370737341
-386.67090748574674
-92.48300680195716
-83.00142198196221
-182.23497240120685
-315.16302363275156
-113.59723191597783
-64.43983274761845
-135.48680982799158
-166.59917832850275
-203.50718019248083
11.543446644515925
-80.57214873505697
-168.38984117151787
-92.12974900706067
-151.34742777026563
-62.309472006147864
-132.93483772084556
-189.67954901059264
-331.8174611556171
-79.64261218132818
-101.72554821197984
-115.16704031449294
-112.26245209568803
-119.77664693300224
-223.76510538186463
-251.78816797607624
-67.8778672546346
-108.21704173503022
-127.72257822860175
-122.6825194256648
-82.11916739549227
-94.51044549259461
-94.48227766771494
-119.98793558920235
-33.22649460550619
-82.32546793453602
-65.10657757996708
-184.5771304804025
-48.625313706581665
-125.76740466806665
-105.71243917456053
-83.35383953376456
-53.195506165745755
-82.17167225212053
-174.2626557793061
-89.22876698348446
-120.20998258065397
-137.76050627837972
-152.60587987118197
-167.88775988005054
-52.05028108615492
-114.00377764631664
-24.27786915278439
-296.7085269360899
-113.49902706478738
-118.93960522891317
-85.92776474080904
-106.45433135233324
-122.57068529909671
-43.09592058298833
-43.310699366611814
-58.53165965248776
-164.2687798653345
-105.96827456396656
-70.10283991701903
-86.2596041922046
-194.12186218285152
-82.03543956100515
-111.94646312523287
-98.51249447329167
-56.73791881602784
-144.5931045093556
-82.8521997705917
-107.92408635401905
-90.10299684965494
-148.53193109849443
-47.36899772196133
-119.37284031601298
-98.07131610729553
-210.89850465683892
-130.85323005396245
-55.85393376514982
-46.45032746444885
-94.15459235585966
-91.04028067335537
-76.90229057069035
-53.7309247259696
-72.24948370561816
-94.74120181388024
-66.265001570561
-107.0407142352988
-95.21854454345562
-156.80427193423424
-93.17829225206462
-10.508358495626595
-145.88980441594575
-94.90595301790046
-153.16943078441494
-105.90503483243657
53.25700370046911
5.588613652870777
-151.41360077084272
-127.1188848546705
-165.3729151835443
-266.19848519594575
-150.5556405532667
-72.38335950880372
-109.31315480533716
-126.68218628284899
-183.88541143995286
-137.7932225382898
-134.33352481305855
-65.72021774287359
-35.413765715429335
-257.4852761019269
-137.09117416136698
-84.9340317210659
-85.51018157479506
-192.20687456349185
-99.16092971203015
-143.51697076125657
-130.68966160350817
-41.69173116898663
-95.27052624680786
-188.05994268573707
-88.41524638867664
-60.12741702148087
-99.77647694177234
-96.45696995012214
-228.60718319250228
-35.83000546652926
-54.31887677792686
-83.10433447199719
-116.0904403551574
-156.21572413419813
-116.83221381892864
-222.94775002590788
-53.64742005487422
-149.1285686291309
-194.69446414074736
-133.1154884512353
-129.57686968164697
-47.1753736506142
-121.27032551534123
-207.50601050872734
-99.33675342748259
-187.94818847154616
-62.69556420612039
-135.00572130143422
-123.86215070382504
-275.51088337237974
-41.371150333287346
-135.4614931041914
-113.00906859173779
-121.9930130980947
-124.29170213457991
-103.3687218942673
-79.51971482181423
-109.92411287691235
-127.67273178075916
-101.66570444673324
-89.0549869381757
-94.91485637163616
-81.31015937208352
-169.38284253347211
-125.8467987406747
-12.344638204139102
-113.07192706704684
-74.97513064760832
-96.3506174456231
-44.94942216708259
-110.27881890936422
-73.59533599511337
-100.36064608248458
-105.2056853972461
-109.89517492052065
-30.326366379742723
-69.34127806560235
-61.41986131784137
-185.41258560893945
-76.00440222820667
-20.69971213701183
-87.00878747131624
-45.104534032990145
-133.6252692299426
-116.95591418135017
-57.43946197963274
-121.2993754078761
-145.26325040402514
-65.41625718675992
-160.9137592387719
-99.07107610714449
-42.38681075191411
-44.2022895333218
-73.47302199480828
-184.25719580287642
-289.58464501333367
-225.2605828775367
-82.17865232437066
-117.01299642444228
-111.32680775727835
-41.94929390343942
-47.101677040357586
-188.4108746315484
-225.09037802487643
-191.97348278000166
-83.38439299836048
-138.99796938962425
-76.29511871041518
-125.47390211482896
-80.96870567921107
-146.64821577072732
-238.4299945678632
-58.84934947106556
-5.548949226588235
-340.11362306051797
-93.21669053170412
-68.70962798049291
-125.56700481867537
-47.89163513868839
-105.9054501820905
-180.97866538996476
-145.32363319559994
-62.975580069037605
-69.6353933955756
-58.14713343006542
-62.79793319714964
-315.2205733082807
-36.77570944963021
-90.91386123694096
-87.69605444622486
-129.75546587113698
-189.5833991611246
-15.781795778059035
-75.41173648615468
-85.28191333581327
-67.22962946313233
-92.16248954076065
-26.36476812165658
-36.926025740305306
-16.361130442452634
-37.397180126806106
-103.28050408848416
-134.2585561054494
-71.81746556074437
-39.30527058095203
-111.97199070265745
-53.1078975507882
-5.600207310515685
-66.00667430680559
-99.87556433407211
-111.24069884530948
-89.37112005064307
-106.55891468361239
-134.13334322570492
-145.12432990590827
-80.3120895010689
-280.49774658947314
-108.51020974296341
-9.148465720641624
-183.87156397455033
-137.44743893685273
-72.69736607893648
-51.16919692421244
-203.29859581199594
-56.01760264004854
-157.663520408538
-140.7305669944729
-159.02892089020523
-105.89102592403815
-96.1491874076095
-158.95021217768885
-86.15064072399608
-121.7485602862672
-66.52594982193322
-118.39216472219854
-83.42254707831293
-214.7420717813311
-101.5930800203756
-88.97571412320706
-68.09168856975458
-128.12291165802043
-88.20327069978579
-54.94287326208481
-63.67824240289831
-92.77249910682771
-96.16289683402952
-96.760557730974
-38.89772197496518
-60.09695344888003
-213.05781399288202
-229.60195435293542
-83.6749921635217
-101.12824901266767
-251.4292952257012
-79.16138010319283
-187.81194948991532
-204.85643743241764
-97.94807957624113
-101.25745149956265
-112.60713838387817
-51.205699091078856
-43.36971847487973
-141.34480543799344
-26.891980351928282
-42.37678736374496
-47.43054431262293
-197.23551047580628
-50.61358585936732
-62.7237799548843
-73.10077787140241
-173.93475796857626
-112.82033419781851
-84.37276887490111
-167.82262574961956
-14.008902631279398
-36.429175053624235
-277.963085661109
-80.12552573135886
-194.31160711943144
-112.75866561522659
-67.74919323531833
-146.25313505247922
-68.8201481322874
-81.52353439581589
-69.27433690184179
-91.27940288829663
-96.64601877884178
-72.16068251846045
-57.995183963273846
-87.66096353292048
-82.21289444139042
-113.37863831848459
-119.00617335621263
-74.23599526552039
-376.09093349672617
-209.39321029855208
-82.92954795102168
-184.49304268198134
-97.9964085582331
-39.31993718301264
-141.2597271754985
117.13898271170294
-203.5554639142324
-14.491580607624812
-37.7392178250577
-97.9550464014663
-151.0925740750273
-89.04018868657421
-147.9127532809759
-24.17149510177279
-52.59591099397739
-176.1928319452594
-71.26467112862687
-79.95916615661923
-25.843976767783083
-157.27676387932596
-119.14987605291354
-65.78228891708298
-41.754182295384524
-109.53477045509989
-95.07187306760932
-209.27892723736846
-52.47679755135135
-92.0099713255218
-23.737094256326145
-30.240501234344606
9.449347924627574
-15.82776672359391
-98.02197721137094
-244.37450877043258
-1.874993288170515
-36.12665522793644
-130.98094216018558
-33.90427372582697
-125.7954140167925
-156.28529365227348
-66.07187308072187
-100.56987357479584
-115.75820151070978
-59.054648778559184
-85.64010774504015
-62.711227088771906
-116.57031021897099
-104.39847732541875
-27.9723392930713
-83.18833903055545
-272.6200732360588
-63.72989209894676
-81.78775366485422
-73.64977161529335
-100.46399207746623
-98.1101796891852
-58.276154834828915
-13.079745229042132
-56.54012935452668
-38.698439682047464
-95.6047606038944
-186.52277405495335
-47.77813664058888
-116.67945689405985
-116.2588646445161
-205.07095433795263
-69.21648834010334
-157.59025581339415
-19.696232561613954
-101.79021911362732
-56.373167453632014
-32.85180559850296
-49.41609022526645
-147.36689386827373
-142.53988038152755
-109.39193252929346
-40.67539246227422
-119.43145043234065
-43.68015977937519
-32.88040180098881
-177.34510929850484
-58.13577850963803
-64.38004587023703
-88.09715370306097
-51.32537485744376
-32.123907893166546
-73.81242353594283
-99.23036190052449
-71.10138547469975
-147.37771721924813
-94.33255155282932
-80.98645865453763
-211.3955373234565
-102.19900782815911
-61.98904003074691
8.922115801710405
-86.70598777863664
-75.34005140860809
-85.24728769004386
-111.90217226667698
-98.86150954844376
-118.46990647366448
-189.96136909232246
-68.35011963151224
-50.964585144817306
-94.41508266479211
-138.1048310132196
-77.911647108806
-36.70160126216649
-41.79423610174572
-170.59564037353158
-84.24476040392776
-155.01267884467939
-145.49643556791557
-116.85696026201005
-144.80321517797415
-56.22981893822613
-128.1850201571043
-89.6267317115124
-67.01345074055982
-94.38238863484767
-77.91660246038353
-45.419169869092386
-168.84503243815885
-94.41576551259737
-84.2847594697248
-104.64681847004876
-193.59299476292807
-112.9282122105036
-137.86983547233413
-110.74666377025007
-19.415425645775542
-43.31584933836664
-36.45562504652669
-81.23279368687153
-75.45007580511607
-54.61412799315347
-128.71999267331182
-221.41300697204707
19.22993580193463
-197.7729826357426
-168.29982597838335
-96.77213858034436
-120.97669976869118
-134.27054655979882
-26.991653115837394
-90.95905166821464
-75.58302330639086
-98.0571268234255
-117.22473910817054
-69.29435092616507
-56.81823941930571
-36.05470307318349
-36.55247366539061
-72.243754330802
-128.28292357963252
-56.73490293238031
-123.43700613496623
-91.9611456806364
-0.1130922717030316
-3.616525561327272
-107.58062109356271
-202.74736922125481
-92.82226249744977
-74.95660532748101
-9.733361321722974
-158.26874393930964
-41.2396544945268
54.79320563417835
-79.00515139833641
-72.00749870937997
-37.32578430907073
-183.37872669584624
-148.47021952870543
-115.08665880603328
-77.66011039977491
-88.61666675973973
-169.75043978168924
-31.100066885267722
-133.0052676387669
-28.12599732948712
-120.18839788427763
-33.688920667391145
-130.5443649426684
-105.70265613937957
-164.47142409038594
-100.69790574855668
-64.10269440024437
-121.84781016563198
-70.7038789977397
-52.00212068942632
-84.82445141275788
-31.88277518631866
-73.82473760236707
-224.80924338710335
-145.75128417384548
-130.60939858080994
-126.82502082696504
-75.7892889935955
-64.88252927324224
-150.62194170238945
-29.414733115082967
-153.34946269760235
-133.32317705104535
-85.84254236454436
-75.0030910147
-33.90209000727359
-119.02600735446448
-95.09755145289297
-1.8233606915220832
-134.9785637847424
-36.47140254963328
-106.604081140609
-105.45657425469908
-36.31152549818603
-201.3681915037196
-95.5292924972628
-152.54473503094363
-29.839068356588285
-48.14274370320468
-39.74988671224706
-212.28264337618742
-162.5231896079355
-131.5439059353886
48.38420068164692
-7.379572626148288
-106.66612074278122
-120.62526220664711
-251.93664640082977
-55.79232197490576
-71.65163519467319
-80.45216889918628
-12.916465302980505
-84.86736677138076
-169.91070561593529
-83.88576790574376
-98.72193777869859
-55.94490237500011
-48.767401570034814
-179.5002205571743
-7.4719526689128095
4.944969298152998
-70.85178972453573
-54.40292887684484
-64.0059208586521
-25.73074908993766
-137.23176687697676
-33.419426230062854
-244.09248520454608
-81.93491579710508
-53.266390326687784
-64.35818211245207
-88.55683681264702
-139.2589282444024
-91.78196919102534
-24.834026753636905
-11.209077050045535
-71.29049781450892
-65.85282704338292
-113.88234453062938
-69.64838099692926
-33.86844896873046
-213.4396538372694
-129.6141163748077
-118.54609535465734
-34.142009095444976
-19.847592834780713
-43.19737488003153
-90.5419873763457
-136.3534196409068
46.925237035389
-165.60009077818057
-65.77867128600468
-10.0370692852782
-3.7062786645820296
-5.116911211435031
-223.7810246051905
-70.90486574518769
-57.98826381492003
-10.64527540434199
-70.0910786366981
-100.0319163494508
19.1293055425557
-97.40892079293548
-133.50805183718677
-60.62343021338934
-70.54699599153334
-83.73059810114461
-23.138549507432998
-59.90492582629437
-74.53672186582003
-114.88225528291814
15.102224941196383
-167.7211353561403
-142.12907129898412
-37.442076290141685
-60.55240135540369
-26.492095963324502
-135.58163352689178
-129.38615156006162
-81.73933522324285
-122.86530004079012
-40.918858298912085
-86.63868284725852
-140.78483840465643
4.040203807833748
-131.43632100302696
37.339696140974
-124.83611401236584
-145.26405143815248
-22.6944500030433
-89.3256930313949
-84.60912012277461
-51.01861941677518
-23.310227229549426
-241.66300390591863
-124.06336611726334
-64.67312928995432
-196.15071732212544
-27.133477069236935
-148.7668937136262
-49.34563182806297
-117.13939789586418
-82.69496118173652
-66.7913462247643
-30.4144769442143
-101.15608936504584
-196.173572546012
-44.91017482291641
-2.8281772358046915
-22.921817165305015
-60.859846701490824
-25.28594131467348
-127.41460982394715
47.39813309901095
-113.68997996297152
-1.617226099816044
-63.799741277942985
-38.30983513399708
-173.06785745651615
-10.987249314827476
-149.86564239948936
-40.4091120490153
-22.779526959964883
-231.99453194981925
-69.77003683748327
50.75203244995038
-39.75489282684874
-111.40888802552936
-89.932737765365
-125.2503868708786
-37.76051060430877
30.62475646687784
-56.13469000713159
21.00265309578989
-30.082276298779874
-26.147061618887996
-39.05880803217984
48.76998870026466
-7.53017189304623
-73.27858532082404
-123.8514162217958
-126.56383921866892
-50.8003445708201
-1.2037705903057798
-62.85093794902883
-38.281330907854276
19.819721986762183
-1.0185383173543627
-67.70542899628958
-16.93288361524705
-15.18286087831548
-92.40647489224058
-81.98357251929218
-67.09387463404055
-6.011398929675735
-60.445330582000096
-87.94418178707271
-94.73373763954783
-163.64319573454802
-48.88757955947206
8.728598799329077
3.4285914213821087
20.93543053698579
-56.07283763438245
-54.846330105826546
-33.692770151182714
-213.62435312334824
-111.69246870699945
-44.90010768199906
20.550926708339013
-41.476451864234136
-61.419170991404606
12.641754860469074
4.324583192913764
-207.48550888281383
-70.91315263865891
-46.4215749576929
0.21020180936189092
-51.15843721725806
-189.08462200859935
-115.81745338721686
-32.45412646394354
25.965846554444443
-36.601029233321064
-202.8605513983621
-78.65372485388
62.23376906208074
-0.29089556430151475
-3.190864786511895
-99.01684966959775
-49.173298168086944
-42.916294348396185
-50.57305861052434
3.3466594214275176
-33.5080292159619
-18.976103233122586
33.355201863033635
-117.75579609118812
-99.22712698729593
27.953609893610746
-188.9292722481116
-89.60754804450174
-1.441152048757516
1.1825942042535385
-137.42619505277094
33.17227935693077
-30.666407389936353
-120.92952592932102
42.836298958827456
-43.75573284011654
-21.74346861106949
-51.082821405635954
16.559553450018527
-8.173667071331064
-106.50821791366683
-159.9508432455844
-17.70828220021386
20.852562375998843
-34.32872125450234
-61.39782054498314
-31.61957765470693
2.485925861484631
-6.6355595726612435
-48.49181949866903
-111.75358823761873
8.955276864572788
-202.0962782295178
-162.53786839906314
-67.51106439843875
-28.24566476910016
73.58405766604011
-20.46701719100011
-189.51515727570188
-47.575522563849596
-23.204622250673324
-2.823393695010523
5.1457385373558395
40.82795308350995
0.44077164464005136
-6.033628276597775
-35.42308666360012
-311.76599885348094
-39.43450869973394
-1.4190452552192028
-65.02153514797621
61.443251174784706
-39.274461131748254
-77.21087151298381
42.51080617073012
-24.686717561737254
4.083084210195452
-91.06476674457902
-60.55330315515819
-50.31183449496
-87.92217221428629
12.908019965100166
-15.170048722481102
60.74035387359882
-25.45597598554184
-130.83186538373647
-152.72074855013
-59.33367481927199
-137.6983463388613
-37.39473673716982
-158.02298458594123
79.26759863387277
-24.60896062151764
-61.43883825800707
-42.432415485050086
10.101517792832357
-98.33631002948525
-22.604707283257035
-61.440643748374825
23.708420116526653
39.969975437334426
20.32191837467429
20.302725804499712
-25.243507932756906
-72.1221636761212
-142.64029539566678
-18.916547514418824
-31.57046231196098
-15.392038750118651
-48.173829542842576
-82.60343277817927
-134.48952948809287
-28.30002386004594
-0.9374267533519571
-84.49921147054627
-67.3521300315264
-115.44494169073036
-120.67008069168675
-5.100592695243606
-145.3281004348581
-178.21289188984457
1.5796676771782927
63.70354527201022
-94.27141192074642
-3.503858600938983
-139.63676106687177
11.636058719162932
-2.3615860983166
35.0061824127894
95.57304150114891
-96.4830901870607
-126.29766667701892
-110.21070373505263
21.683106145216925
-61.77723844172403
-141.47234820330613
20.18317218876848
-213.35151576871505
-41.572375579345
-120.87735028645324
-56.03757802674752
-129.56958116480294
6.1413070502573675
-89.06086523290978
-33.250161117530425
-10.654371968010292
102.24554865812027
-20.29584490137951
25.449147376419106
-88.23244993463118
-11.16613235419845
-73.8435328097233
-176.81481569111077
40.70517147536653
-43.07873657352241
-177.63490334878563
-139.07337925097835
-10.972019981226495
6.81316335181652
-50.42387245863671
-5.577448030991249
-39.57236954125432
-23.508378269372
6.25814009382762
-104.88817922877715
-11.59955034433301
65.44208585149946
-31.622066122146364
6.716748452986948
-216.28955907864744
-46.45027768019043
-77.58866749100908
11.648289332709993
-88.49421228584283
44.392940274390526
-100.59945507442882
5.130158530524435
-105.1027486141158
-136.09369524008008
36.93830621607442
-127.44174415939662
-79.05051115860664
10.557601884340617
-165.2529356886264
10.504510777495739
-22.457358945993775
9.207381131096515
10.319259674460572
-129.18411391161322
1.641341042196359
-109.65340537150368
-45.55803744471832
-39.348572322083406
-50.727035349099616
-139.36898975662243
27.358716524535737
42.302689415308606
74.80727066684992
-24.327659275374927
-98.85902464941904
-66.54255057320748
40.398084649653
-20.83959122031048
-30.507573159110834
50.72210490137053
44.493376042100465
-115.76266487494925
-27.788522530398645
49.94757782849889
-117.20536732316835
-122.9910855145844
-52.82686196036564
29.842995747943007
-41.78818783122678
-4.279377854947938
-39.303895212965244
53.89188782837887
45.1482818781508
12.754362788542593
-13.182478607939563
-0.8797639349596267
-107.95192876262398
-100.91235725280177
-186.30874876346644
-154.49132880075288
-162.73301563320382
-148.79846732925014
-70.87300040138966
39.77695742478136
50.43983991406215
-140.9254747663911
25.05405263133393
-50.93457335745866
10.871565815598444
17.40189145330377
-53.15787433503447
-14.39550146251132
1.7644067111259005
-9.661121339288997
-2.787141876943764
-50.56657247932414
-15.024952638867546
52.812317806850274
7.677425141234114
-6.131782612384285
-174.2210195422741
30.164222995690405
-63.64541781732881
-148.3930644571388
11.686514181331077
-1.4237107268061635
-154.58869847368896
-48.60144031414127
-131.60272984225497
-160.6661293572859
-21.929775243102284
-100.30864738053404
-42.37203642131405
-22.48373884579545
-156.36991543670047
-11.627792014450957
-112.9970159562667
-148.41326569124737
-155.90103921587138
-126.94428748418234
-44.734106610168084
15.244096983093357
81.47092313250522
100.07784227493786
-45.415621551850776
-132.2969946169132
25.99720919296537
-158.90488844274688
-160.05374304558148
-69.52743147310875
55.1589973660723
-24.354357650473403
67.69744859045139
-16.506073372607627
23.292848635730728
2.8184228870871806
-86.24469441656501
-4.247726829764375
-121.32792151403304
-25.324497662001193
-154.33732681132238
26.372349710412777
-80.43648877163011
14.496810081182971
2.457071231543921
-190.84538400025843
20.257453821078037
-200.1803439954711
-129.39228360103743
-35.18008820676485
-115.91634393646596
-62.49127772925006
-142.43056976437146
-108.36387172361387
104.5999024216922
-3.7629539766158757
4.845705276099864
22.580031302405885
5.04775946730571
-130.8362915734509
42.6991967461084
-35.96178959917293
-32.83569789374671
-45.62396588216481
-34.696075420953804
32.010004530126665
34.07432472360834
-133.69173701638627
-150.10483904295285
13.240995565713419
29.4661164530265
-10.356909087386512
-273.98178587483744
31.19621592877448
-29.049611494335025
11.17397515915782
-257.1014750637138
-138.6304294327436
-9.587514887811231
9.631409676269527
37.980760267646545
104.87359073921294
-0.3189134500716193
-80.2689413832799
3.5069855309742515
60.39493677809338
-171.04679001854194
-249.66593677304164
-62.02732436192129
26.693827457725746
-41.213235734691445
-23.94258533890835
-10.983428466196235
20.672487357616653
-138.87911613977056
-132.44566263720006
-159.71509777414627
35.22305630006724
-33.85150025595449
21.333082459430116
58.08604658846309
-66.6697496990623
92.17262008317971
-2.261320254809391
14.083620021565125
-100.86862884339732
-147.60262609166142
-208.16883301220184
-64.37164408655781
-104.00486121120557
-143.42985184812187
-4.518483496275358
-18.71586987796333
-66.07524535495342
-101.31016378400265
-350.3088422736734
19.936252871215302
-67.88881259680053
25.758678359606463
-149.5368436820554
-204.49330224627846
82.62253681894896
50.07060590828819
-27.72433437483518
-90.13937808425302
17.238116226831877
-12.905584618335908
53.46518050156203
-52.70240863953631
-13.103822828895957
0.43235795417943734
-6.710363840781355
-11.098304604552098
2.2364848648545035
13.926667733221393
-21.54348251040456
84.83851912460888
-62.420411253789865
-103.74470247140165
4.566890815491824
49.522810581017296
-206.20218429007363
-95.28554645918307
-2.9818553455006267
-26.053055365826964
-241.4172873442638
0.7678253316282309
-67.22660811402262
42.4985087975206
-19.065661250819986
-176.1448529138476
-95.59205608722921
-17.322663852378355
-43.710707311662816
18.95498620691177
25.772069763386142
-188.1438562351969
-19.97300401920882
-197.183325638454
45.88194917190225
102.96391667927233
-89.99028011647994
7.555169999692922
-111.24052330615875
-10.997998506687864
-52.81679051354274
-11.444292196004895
63.39674541208451
-154.54236424355398
2.5453289502568737
131.5427203235273
59.886140062333524
-85.56304073161262
18.4376293246968
12.193725426367948
20.06200162757324
30.418624210317432
-223.62095286903562
-282.5780404065923
8.12319230944334
-58.83681251702572
-109.4836230068557
-164.79597693696073
-61.10202523271069
27.071504391023808
11.187798722627587
-128.44451059560373
32.19069792224559
26.014808910009435
-167.06431450289472
-250.4010679184982
22.05577872559857
-176.08039241497008
-32.299190313947264
38.25169209280966
35.393318650144
-13.771298461415853
77.54462409660391
-93.4707574321585
-153.01670934690577
20.4263758363235
9.891771183263671
13.851434367034472
-203.77257514517495
21.744412843938875
-16.664622239136563
-0.7114031809117733
118.94709359833419
16.891284740141984
-4.120126041651488
20.689151448136272
27.771697998635567
9.970590639709371
-2.739311425247351
-5.98655524819236
-176.58750513458165
-57.40628511612217
23.977140251266647
31.510407046051398
-25.35625643677274
14.870148609033734
-190.03735982593753
-21.930025587122117
-152.6091202762575
3.570398698601892
-148.17447139680124
-28.942274651518773
20.058220296213833
46.005384840123114
-14.698154653886967
4.04535278136396
-119.36901855018874
-126.22912969564254
-5.121160593107874
-18.53296030637107
80.78971873870518
-101.39414229050521
77.9182234594515
-199.31362693312258
-174.96794214278026
-4.882010302365444
-4.868938982111025
-35.344820408591175
-88.38496530957015
-129.81061332300067
-195.4224004713192
-46.04513282392307
-2.8519475310693174
-23.49528191782528
-27.179855934873586
31.79866051429474
-29.24156784092166
-150.09067156701468
-7.190073852937886
-161.7789559270033
-49.84614492374108
33.45812121219649
-34.52123513195609
8.982369184215884
28.120896391488643
-6.937972191430731
-80.90123672586353
-145.6885136257244
16.13386746710526
81.67093920830993
8.522244339979054
-16.64977009444118
-39.93999706697739
-98.8805823338376
37.81768031047002
62.21332731828382
-117.33166093291808
-182.27911426962032
-27.19999015149253
-110.94499241673863
14.658039106761208
18.41213963224058
10.960633293578937
26.273089590306597
26.00391687828317
0.8203761667289768
7.422293344482114
-52.06163642272435
-51.03443493545169
-97.68196221247035
-4.845568318372898
-144.28743407143244
42.34048799593986
-123.45680453552782
-8.934276817224045
84.20808966801488
23.427942908686475
-7.128570881067695
-149.85927978090524
-266.78490828410247
39.042123949834235
-17.7070094351627
8.294608826845902
22.801926640513216
18.980079653212528
-151.11811468935247
26.526449518270965
-136.41211587143846
-47.08965762028832
-58.21528676592918
-57.79363085539991
-28.15314367171645
19.59616283605901
26.15023378324257
14.270610110890587
3.728999495156911
5.048170712869094
37.83820716176612
-144.05199381783913
40.67518256851989
-16.70422811476653
6.2266111378873035
32.94924552509788
-6.382810787162725
-101.09630788888063
13.5099453486322
18.150823000550517
-32.5227599008019
-15.541623175510544
29.28134375886559
47.395502450580835
-18.638879388527712
44.54630610116164
-173.50758728769318
-237.78293623661872
-28.882470416570413
87.29777789589016
33.65030324203941
32.35209570298055
-132.84310163327618
9.469896822634823
64.8899861554488
87.87238370457375
-135.96764683496139
-9.809536556350217
74.87992482982098
42.48930430613762
9.19309630392712
-11.456920129659977
-31.148021440772766
-1.719630108654684
-12.767315621889324
14.922145810763084
-175.01123038700695
6.396358246903006
5.99431989467007
-1.0612102669516617
36.890999342456084
-77.47990064885161
11.744475773321412
15.7293891946224
17.70934749987184
25.968657662277877
26.428818312485518
2.855997083551742
16.785705184690983
56.92922863705992
9.803650115049267
6.308931223702132
59.456167703996506
66.60854882051547
-28.113526409484933
-9.539967274101343
28.531515802775274
-147.98680378802334
64.31944672549074
-7.519389489814998
46.95717380789853
61.93742887756419
-54.252881596068356
-1.5296182400566067
-165.7224156597983
-15.074310457397146
-1.047684574907521
30.459957734044124
-22.541634872524924
-223.1578991364787
31.77187443462323
37.628250938589915
34.331861338654996
33.7644826215963
21.302401453748132
3.3477494176054066
87.73244918765079
54.75659252282328
-19.512556421000298
64.14916641302415
-113.68558342908071
30.477598126268404
33.401379344995675
-17.55657274437717
3.256348251892746
0.025379534987465036
21.531080077184797
23.8279866104769
-9.879387941910707
19.76078123343879
-52.62352729732802
-8.168029006712189
-164.9723767623781
3.5161849862143697
-1.8317770979445385
-9.349382193056272
39.90470629638932
63.550058347345434
-2.3285719319931104
8.601350605366818
28.505732787332803
-18.803838072021456
-123.79793629579764
66.22607097334708
42.4023517591247
30.314609617337027
82.93136082516823
-6.913347580536936
87.86551808659911
20.08640242690103
-21.120891438010734
50.48073265973563
-32.91114115036294
-65.38395942529263
1.0622052376904207
20.36092410399432
11.918011355390135
56.19072152475957
40.62736768905801
-19.8160368754547
-47.57231301373727
21.894269388464778
45.0220158421528
-11.507688983963519
-133.97131449459164
83.88082152851656
9.002602741327811
117.44296858512381
70.26589980978392
43.52158668823775
10.996223397667677
-128.6843907029052
36.25515370008037
63.445308610175296
60.120210891054626
-101.8521633615073
-31.355508898451944
-3.9951787553730185
-67.73768560448671
57.187384749651194
31.57797404425112
76.14008356201323
72.45243289757967
-75.9177800896777
-129.36173954494552
88.96634650615133
-4.616415746757781
9.78714298618604
48.783222859866015
105.43140763431609
-15.132891953397262
-133.82853572563792
52.624984634043756
9.929997894827949
11.86452321850308
35.91446540799801
23.901753119032946
-4.660324346052448
-19.793380139422695
8.436192846891672
-196.50594712145565
0.5683011113717527
1.9752758267170325
14.077757719393745
15.802313973899437
31.694299560624764
42.583469120843
39.084399092178856
11.854656587396306
-20.14748060210546
46.077163421915344
79.13774554062698
3.9591330839037724
16.72296182118238
63.605393337140484
45.261304972657655
3.0420690829740016
-105.54700001372898
-12.235815764298028
-151.3761840497866
-13.481399276799038
-15.334690794605663
75.49348225435001
15.345021598314005
77.47975266362337
-13.038394983735671
55.558110042202486
-10.795091773211098
90.87770846544701
-149.1005178961558
-12.02750665294488
73.88416374167761
-10.124580608370394
5.940890015949961
45.27226970083413
74.13224475764001
8.28785585596195
-33.14637252643492
2.391044782190349
-94.58659067240525
-33.49257428568949
19.564420815336064
71.74426197356783
-53.40161554703616
-1.0372030136696822
-38.334066253133926
-86.59678514908016
78.49939669806315
7.942556893148179
12.139262438782254
-4.189326701808525
32.514002094771286
10.410531735001861
44.45120687994306
70.11135640167448
-54.2137458704115
40.14297334351518
80.18574818876877
-13.961458268712374
59.497646390307466
34.56383574958811
-34.95810113539284
80.87110741419784
15.966005172177887
41.76314923954989
-63.30162810358372
48.98175368653989
-133.44768445518673
21.72719759289076
61.86284980059958
96.34804098134863
-29.613038532189123
51.90689642875391
57.26624669112022
9.422927249967287
96.7336861641747
28.162541249508365
16.31622002248747
-57.762357236793775
31.158510977123584
6.767729821611482
9.420206741547602
-53.84783040645773
70.99946734554474
-111.60351134100699
40.020618239924644
-59.6583789006618
-20.818229021069847
-101.69401552501819
74.00061670207413
86.20524181049906
-177.45129840597698
31.34970466026411
68.07871034973022
-34.268624443486246
39.22261075846127
-20.146951369551005
98.20748699267419
-47.400284234738805
-72.82000728386878
-101.8423281247716
48.83448505871275
-107.42139681505401
60.89167885223207
10.5080191434879
-12.067660576616113
