-262.463778843878
-99.46492745702064
-206.8195220892414
-442.04549974758635
-60.30358197199587
-119.17021108903579
-433.19641941249233
-38.25421285980062
-122.59773233517281
-233.69140170590015
-98.80716620545776
-96.54312507390361
-118.71195465707548
-77.07590717795057
-203.1841490359111
-285.2343842848859
-86.26394257756087
-158.21913432531852
-500.7971800084608
-151.59204103093555
-98.87285189917243
-90.3032905740301
-157.57036027191452
-194.42459289066844
-214.12779275591447
-389.19566259393065
-121.76244567447407
-134.30110312205983
-90.13658439917954
-267.7467909362457
-245.01045697505646
-94.59961161268735
-130.38722838481095
-192.29233452719592
-207.0487054769055
-79.8559230080334
-384.10303909413216
-85.17756173985461
-154.7860811118149
-180.6099077177089
-89.17275889581045
-320.0566568385972
-244.07699661835514
-334.01424639882
-279.8063174276532
-238.96161142899493
-99.55761543812748
-191.19833576736113
-355.11337963782285
-124.29649927173904
-211.34804524848644
-166.9837432372544
-126.47813466165323
-178.57357899193516
-433.046737764237
-111.52991157721964
-245.2042381632452
-295.11625994115144
-10.047972923377756
-113.32792906150694
-256.8469632100175
-82.94138204935402
-299.2211595159307
-354.24636529327336
-109.20358477697654
-314.134533672081
-72.66596563500207
-189.27570694730136
-44.586300601443924
-126.62139347820664
-85.2843548918721
-137.57802217048075
-295.4608810972186
-424.9689663237494
-383.87416879203386
-122.60186742579572
-250.1081620866903
59.40105382690663
-82.20787845539763
-423.318136908769
-168.65955059872982
-446.6877786360323
-120.98603933662432
-190.00994204337923
-113.63479930819156
-94.61692489164398
-98.38989277610335
-215.90458027986722
-315.3059834191723
-520.9420935131477
-402.58017183362057
-105.99034305166596
-97.02563475285109
-269.09363016863443
-191.03495055003907
-290.90897900529166
-106.84267091412732
-109.0545510169808
-381.5643162672672
-102.79651147731045
-118.95414556357537
-316.7699142425304
-170.1799419370008
-154.55747688318812
-136.6853497370809
-107.81904674004718
-125.34200723228066
-98.46732119045807
-103.62370767001661
-138.8814363330924
-293.69243890356466
-130.6517884641834
-145.86240370149693
-252.15904653579253
-31.479941779117127
-91.33908939928322
-100.57208893225838
-366.52710657731865
-235.8133417540645
-238.42426973935332
-442.5388891976366
-159.37366460284005
-158.9356209267408
-121.91336150135011
-111.97466322268929
-32.874089520479004
-101.76599991952418
-263.7763031758617
-140.20234853893504
-252.90665979213267
-104.0662275989933
-119.01854706365026
-234.94394719950705
-136.38895364037145
-79.7909321076105
-331.80952106173504
-0.22685114048574917
-245.35750507680885
-76.41419327926498
-118.81590089151446
-66.45107960459427
-87.62222296317219
-150.76601956668492
44.83287184505478
-165.3511660039379
-234.00702743625828
7.847354539287949
-229.08927296842353
-183.53609304674833
-123.85742431173037
-469.8747044025262
-232.64233880792716
-333.36388620940716
-204.61639369786178
-215.58492802989463
-108.65934978253033
-166.92656347511524
-356.8438183521522
-122.67546135427084
-73.14851000276965
-128.63025597898695
-186.14860164326052
-333.25315940391806
-85.20101971285908
-168.97387607690473
-94.39770181798431
-87.52826218628826
-294.20043702738343
-267.0615443282866
-134.56357283917828
-197.98385156562205
-93.49118470271388
-132.3009356811666
-76.73450305253277
-120.44822366118416
-154.186974061421
-207.7793714310076
-102.94196366449518
-82.86547514160623
-164.28412299584875
-84.61896377256537
-67.58203000903659
-68.66700558864343
-151.38182915899654
-382.7128080658995
-81.62762707694091
-265.71371408864684
-241.26696813971574
-90.91563547969494
-104.58585780305273
-276.531256578868
-179.38680551689916
-265.47036507617577
-106.08168615823307
-97.7795200529169
-203.30584068805058
-456.55519883850195
-175.34167678254735
-90.0369308682923
-283.06072168996496
-93.52931772730658
-132.10987137384544
-280.69156257679845
-100.73808862595907
-212.2619055275107
-268.8079656142039
-100.78221565558476
-320.1600428447754
-134.19330229558335
-78.26851192831307
-138.48869243982261
-13.191826163195643
-150.97031942734944
-86.35454796641429
-162.33329837587104
-89.86335001953833
-135.02102823444469
-182.3799645942928
-114.24025026351377
-146.1233089068014
-351.3225850329111
-170.6166963563663
-247.64965275248437
-158.4334560184396
-256.664229114014
-266.5450760720968
-95.93029252115716
-58.020252217520536
-400.75300154373747
-294.87843670814095
-181.76406995533318
-141.0124467518089
-237.80470360875069
-105.86450619041939
-152.1561046598064
-257.917813289823
-155.6764230787075
-141.48165235466274
-147.37389693723932
-138.80483184062797
-69.59759220706388
-93.04233635685173
-125.9504453733142
-230.94211244480323
-129.9087241180816
-77.58060628735734
-276.1353794338812
-69.74783434125641
-220.5700639550799
-54.752865545188506
-78.68465805262296
-251.6045224352435
-218.50613752964557
-144.3424792428204
-244.50894064695382
-132.42909446735067
-63.06879030433656
-119.80866863960647
-10.080685271773007
-386.02658766736204
-66.46512540156697
-113.92898773604702
-22.81565132277254
-48.21475786739297
-94.00332663111202
-202.74624757415938
-138.33196480608592
-132.83595917199204
-181.04398068887633
-61.00732253486058
-91.86971894418045
-59.9248671342465
-108.95937983072176
-125.83443203527787
-108.80566916578796
-134.35444415569378
-300.81703479545706
-174.87236188221638
-123.8351996680871
-95.67405993059373
-355.80571617223364
-129.83440851169954
30.389423349982735
-118.07407286827085
-95.13664696314018
-133.41941503204353
-149.8363521944877
-104.8783938090393
-118.75471901436129
-256.983386642259
-54.284438736484724
-55.67743783215548
-127.53680809987365
-102.94713022543891
-90.38057038333844
-136.69657648893863
-51.12213040549587
-156.62995323140507
-76.2903445051281
-7.139794840038988
20.6475683969813
-121.69022746909123
-231.54268211927712
-106.2749322224152
-113.21909755830127
-63.19933696637731
-115.30860610616787
-341.7494395647849
-86.41749681295475
-133.93588385972566
-193.94602205955914
-90.47566383077573
-70.73102604520525
-106.79982933981488
-109.59760038582655
-189.95292506333178
-89.25489669687879
-201.70838445540727
-120.85894641372695
-108.55908697184266
-400.3977284705878
-169.9296867985986
-180.49627255162417
-125.04730019858606
-138.99686692409503
-138.0489250579189
-111.490053432963
-440.28614935352164
-337.5439647567341
-264.3348300395347
-268.05640066700323
-243.818219270807
-217.32962566945406
-140.2103039219274
-125.45412061377941
-83.25374171792114
-157.1477906166568
-112.20348727020287
-104.99913979047632
-135.50390319630813
-14.798537802762198
-83.46072063544237
-55.30634190169302
-252.91319641431974
-74.91721811448849
-49.16510807773742
2.0213736864432263
-429.3402416647417
-182.52761359630279
-141.3669727814986
-139.36880521415048
-193.55807520783796
-132.0910324308403
29.72884230660938
-146.41047664303647
-341.59820779363974
-212.58597662634247
-292.5342485811028
-199.81180423089307
-102.14934386564464
-124.43445696846472
-358.30103120871865
-182.79783211013904
-92.9436476774696
-151.43853810471953
-137.37641087527746
-114.50510516749642
-156.99139465227466
-108.14688784484908
-150.61587782811387
-137.30226882479485
-104.80395825473494
-108.56537219847266
-127.2466441392627
-149.95768074023044
-117.43046890369003
-175.7651132459073
-161.75252994679937
-209.02650597639945
-108.39677992167356
-98.9455961518491
-182.29412885047782
-233.8707320556147
-105.90122686708757
-85.85231425909177
-145.3142787617552
-377.92289583113507
-110.84396658468874
-83.1669537677449
-133.77976018390274
-250.70613092089664
8.396713672062255
-169.63007647970161
-202.30502682398443
-130.49573932652726
-226.8428040959933
-269.2804757182908
-166.50425039691078
-103.85850561637737
-296.19803979881254
-125.01516873437708
-46.915265599554246
-380.32058606519433
-99.11263506901726
-121.08515793297438
-380.49106532333803
-246.64956152229487
-156.9853556146648
-405.1640112943259
-189.2731466917252
-174.92369339787058
-386.59076742866404
-68.02808023750079
-66.68490542417558
-103.790699697175
-99.34144259393926
-121.6669965930788
-169.32770548047165
-65.04094044809476
-113.13371858427415
-108.78874789437997
-104.03725475543457
-176.85987508263622
-17.149105063912955
-100.92911408522251
-108.23518676296503
-72.6514237521771
-132.27234526143053
-82.20273113739465
-82.56240103307324
-152.21069012796733
-92.40945290549786
-400.72637574201144
-324.7287157014385
-73.82777277444993
-166.7172523671207
-53.19700841026553
-20.20776551566823
-218.51471150051213
-9.149543339101797
-146.605243305006
-197.71076999783196
-460.6292695332959
-319.1033714186808
-143.77399438585496
-85.38860235199256
-83.26336883523162
-217.0316971922987
-129.10323424268853
-19.65396654857139
-50.79196388336463
-106.68369516719812
-285.77125549433475
-102.5957400812996
-87.36717747341238
-99.70478562869759
-33.1885243532535
-117.56167649949225
-108.19933536873206
-110.63608391113799
-290.14387618542605
-131.29384246574227
-354.21942865464996
-270.4352860374016
-304.08740355099746
-241.10184723951113
-20.911943880453535
-435.04263345408043
-264.66375574278254
-177.74008596390684
-54.07861571510249
-210.62332489499664
-90.08544577736225
-236.53112809886974
-292.9030897161829
-187.10673383852526
-39.68293327442092
-56.35252755039169
-143.28111477942096
-104.93108888693018
-245.3694083263269
-126.92715726972253
-223.79265678214168
-121.6407184876839
-96.75671114751954
-323.3697288976683
-161.37086139837353
-98.91818630445097
-133.00686714207689
-258.54247562865794
-267.8701481266072
-387.19059160374576
-167.73944073194264
-73.17664589803228
-167.14285782431685
-198.74504442278555
-85.82591644441688
-74.04467443192816
-125.34819737011276
-119.79350409564182
-110.59673701551147
-93.19497321311937
-59.72337234615431
-291.6305286972366
-230.8535012290585
-148.3875485875586
-520.889825064115
-90.24684470522956
-151.9452462555044
-118.673691890191
-99.5846927580359
-90.94860601367876
-250.78492790190526
-402.9267951068653
-143.40459031938298
-106.72071897077751
-160.45874065817176
-216.15798511005755
-334.9381918582289
-403.78863172898093
-124.16677367104602
-122.85792414148187
-139.89460680674534
-69.89728092824569
-450.6231050950619
-79.45237797622363
-219.6966397316295
-156.89339418353475
-369.4431946933056
-74.13240409661141
3.9847874898689497
-84.50706355314428
-77.18994280480275
-485.68709515258394
-243.47788724558217
-473.6868590699012
-150.8624265643894
-208.6448872014905
-90.42886313347437
-83.80913854636955
-96.8195788006774
-59.00612209537427
-143.53543667651493
-114.84796342693511
-125.11692543831401
-179.19593977029615
-233.64412162861552
-164.22073573375334
-195.36009121300407
-95.47617358745144
-462.82053580797384
-336.98039863307156
-163.05653120686497
-198.936421562869
-86.9999133602488
-183.9594230717097
-74.33104463391479
-189.58749878673873
-375.0750599549682
-105.1820313367217
-157.22680767816485
-273.6845736065676
-118.39828523043523
-326.14221136855383
-413.23440569765444
-142.92763598902724
-69.60629812824038
-372.23885144416005
-13.998797621248485
-219.53731554424363
-283.90586715970915
-115.5669091679644
-76.27841978199979
-369.4284614337638
-83.24724335259299
-41.10502140704348
-204.39093761574415
-412.94102307322225
-450.13265563018706
-97.45224063040047
-358.5377918116931
-328.24390216521
-374.7577274155954
-150.39301388876922
-300.58754500647046
-118.4925497126313
-501.2777285702213
-89.98594472215305
-124.27833504297362
-253.62253527682705
-138.05909142032388
-318.71700523024913
-441.7093305256899
-97.78663035778524
-336.93690196845233
-70.76001265681504
-155.03390486062875
-261.6941607992819
-110.11275994025995
-102.60753470840523
-272.93225736606524
-204.9786169432681
-237.50558758886092
-113.62334307210757
50.89602384448903
-223.21838584675152
-213.50592561222385
-132.29046006338814
-179.73535938708199
-122.47880603788504
-109.94611614784765
-103.3835807029343
-65.2794258027066
-103.75737433970004
-105.51327636624295
-195.8598019560659
-53.61795501692627
-31.699964505776748
-137.6967971094702
-247.17063431763043
-106.98452225433454
-129.28232436189307
-60.31573082870914
-113.46577227755591
-83.46732238777734
-88.80118022904081
-108.44447750753702
-52.024667067729695
-90.40081449731868
-293.5262640366433
-93.5795914783046
-62.76246563721274
-76.22735591488234
-69.55785137184304
-389.8785859952754
-79.38824672696897
-136.98690458184967
-72.27536373170328
-107.52260234452024
-111.17524738094241
-109.70076716118994
-140.60057669919948
-225.75051295253368
-146.12397864200886
-106.3669378824454
-331.1161741404742
-156.12389048023482
-78.64010773819516
-201.4661513232552
-94.22828719152288
-50.574941365729146
-113.0736601750525
-129.91234465297418
-131.61783608447305
-138.76936106757557
-83.08526961532237
-175.10673707449854
-142.73613711178686
-208.1312154789428
-402.8961666375181
-143.8100492636115
-134.56722274374357
-127.85958264553523
-232.17178709877751
-400.93258114891313
-89.38250813814781
-87.16255297446212
-86.09116462536801
-94.80453328795679
-429.99841558413135
-115.3684394433123
-153.90745613201585
-205.70678933490814
-374.9084420408278
-223.43626028811997
-140.59652248081713
-102.02332669555226
-358.99893839598974
-275.3942984458847
-134.8559025515649
-231.88018477786497
-114.15625950075932
-114.41703430545745
-147.24266821490548
-90.69033271895945
-168.1047325987596
53.52946241145864
-83.07864182754041
-201.25844126863038
-109.63292974120512
-312.9382300619537
-103.8587500889865
-79.94432739147575
-356.9546158811574
-89.16999274108404
-72.23720004949172
-237.17176391711422
-250.01320540785358
-82.25380019968826
-84.53982593924249
-165.25424050083126
-109.32887848861021
-245.87348274635872
-218.74119259490067
-117.15463006233699
-24.333880219204573
-126.2836161291508
-136.67920644401653
-136.74129323498744
-435.7954344861014
-137.11650978181837
-106.77275167101088
-65.84314067575397
-105.0993038103077
-72.87610139717944
-167.51366452075638
-199.05137477957078
-106.68285293932787
-96.40729298999872
-72.7534673456725
18.697315458736256
-123.76388748746616
-89.93165980090707
-174.1411671248414
-92.72692401563185
-121.80354241178797
-333.5129974903149
-73.61126079968511
-162.55873775476132
-157.59062845849894
-140.23255803574375
-201.39867964845945
-475.2352678071858
-22.250961434515244
-185.8212354488423
-109.06095798696651
-145.8075437990379
-115.49204095272714
-123.51614026789709
-138.67947220921738
-46.49727550691492
-133.57827674064026
-160.64133565313324
-141.7313380387405
-312.8149575612535
-167.82679446257737
-87.57694289166805
-119.96153616876812
-123.93218416046419
-522.4031062830661
-95.72453626955293
-108.621969670376
-204.23868583954723
-102.86143045839114
-71.15563910259202
-98.11411624443735
-75.77440582867293
-103.00200114968753
-69.77982096047836
-115.31878056939034
-207.47148614008762
-112.0580734155067
-132.82521559959918
-409.25308623796246
-145.4387327326204
-108.43214060020902
-116.60804901616592
-62.90971077871793
-281.60785855352526
-403.5632490049285
-97.70777630550685
-191.98707085748288
-135.73110522179482
-83.91851006036953
-83.00029723083026
-215.15592980187978
-101.84861160402332
-162.9179893679431
-321.87622085424357
-2.3532278970791083
-68.1366211187099
-269.3502817307872
-104.258565744928
-4.631167404914478
-137.81797243508422
-99.00790986132132
-80.36148068558593
-194.6073299414044
-116.31300414565399
-211.44936222940134
-186.34263354494155
-130.1649885172909
-112.35946758108719
-109.65656794888336
-80.25219294170351
-330.39223929657476
-44.91703345070705
-118.70262552770973
-124.39650330433902
-110.10182901147697
-108.29416301205859
-224.00061372844556
-118.49066067743966
-126.57262600263387
-193.86727412672673
12.243892170963434
-209.81039080182444
-170.96819031336838
-69.24706391094777
-132.0703541976609
-121.17927357105773
-30.972606649172732
-200.0530164271968
-125.26808870905984
-128.09460005718785
-83.36925673833764
-97.25457765758124
-210.27905786220475
-94.98571547727843
-82.41862784084978
-238.70936076923687
-145.71619362000013
-102.59958874660342
-183.7897256528422
-104.49471594604465
-228.48598263977078
-121.09961814081556
-129.33641450656438
-135.35185017690353
-197.25432073093296
-57.289690902059284
-110.80616117738285
-56.4720203585847
-26.02605901446617
-169.79512788602526
-72.57237666839674
-318.8742272898097
-110.51942806517162
-333.0535490575769
-84.17302606881793
-338.34949801461124
-110.07721882672239
-205.24772330720288
-106.48352646228061
-154.35994933659757
-128.31989515426238
-108.17290360555388
-100.00017866393145
-110.11660349865335
-129.89945939456368
-69.07511724859951
-53.86331002531975
-53.2662674687528
-100.52967268894788
-472.1725150217814
-112.65953110958488
-136.45209732384444
-152.82875193407799
-72.96168880058222
-83.46791323017081
-71.18896232978831
-107.09208050357343
-151.54934468776145
-97.26504540854532
-3.93841117322647
-40.651293040805264
-154.32368402321595
-38.32786068066406
-183.80718913153765
-137.888494005052
-156.39195357986705
-187.0558056371378
-88.44257926642737
-123.17385226467832
-150.7615704771759
-192.5718417918095
-106.39617783804088
-113.66166356085503
-96.22452685833653
-91.55234289476812
-83.38495194216472
-24.53887425275603
-96.84596896790191
-168.53198718609895
-214.34131089861881
-166.23543352938532
-100.15314656391854
-231.636323792581
-93.76958088028243
-136.0341230188217
-76.24982977694228
-134.5056957169631
-165.94751299001123
-122.12100777722844
-167.3044357284257
-140.89168855237813
-61.78965425021865
-117.44230244837073
-105.20702756612751
-89.50019902091597
-111.68242826874264
-231.25500790311023
-135.71301764141654
-74.10522202077746
-71.87051547336458
-87.88081207780913
-108.92508794073899
-139.0464087298973
-89.29137949156988
-112.68040391316558
-66.64546644766828
-134.44662456660498
-171.37335920412517
-210.4130056493037
-201.77732317222075
-105.78015120154632
-131.6735183026717
-66.89210308079187
-59.34292514054707
-272.50131091539686
-74.34995064544484
-124.66426739971004
-126.81480455235975
-98.13055548191844
-80.14641301351794
-80.35995050608908
-84.17985668038791
-92.65860816007893
-2.0927689281780744
-70.44522683328083
-111.24040079090035
-91.02495873553097
-109.01881904296265
-305.47397877095307
-120.09263104496182
-60.847972907996386
-66.88527836050116
-122.27378250238525
-80.89578004737079
-380.85607563664365
-118.30497225471147
-166.0774333797125
-80.86880407279878
-89.59674636977243
-126.30911695336167
-76.57566991807651
-91.29658824484099
-106.09488346629527
-113.0026252877658
15.424444949084872
-115.31515040178513
-114.90454826886722
-92.48253794088501
-121.21711523041051
-35.00074978022565
-99.35705465398439
-78.50611594740026
-153.50025621809164
-135.03351415830713
-117.65242545574432
-119.96886184476818
-234.43811157012573
-107.47537474653859
-143.12094476985152
-127.55077597153962
-202.6694306727587
-104.05987735800998
-121.57698153461203
-112.27633616881783
-97.58914523225174
-106.55445523211742
-139.61549768071276
-109.42691444875064
-124.97437499685482
-38.19033338427927
-142.90904834831065
-155.3953322350628
-251.870087175842
-297.2935014543244
-79.4111762857732
-99.41257253483086
-169.86677007067863
-79.7241249008735
-165.71655243878195
-83.72726211430061
-246.36351258808602
-210.7100091327932
-102.50474650457204
-74.14067160739688
-114.79137027320925
-121.9788164528548
-113.46775832717577
-58.356212629290745
-203.2709283359639
-91.7013805943781
-110.00871101097493
-241.64872936201374
-298.74507918986933
-120.38763073454453
-75.41717810609215
-114.14332187259402
-94.07067631872852
-181.39520216920147
-121.5267988696872
-76.21115117377794
-115.01939317684341
-127.9359819803932
-58.53450687708908
-82.28261876548845
-167.19917458560928
-227.9682427504011
-139.30676078267925
-120.0482182902049
-112.7983622899287
-168.9185153007049
-126.60864809006956
-138.87420779520838
-294.6650393062247
-76.62082813859185
-128.67566634968648
-162.5719155678628
-156.35476577787097
-155.4728502893222
-184.44552340394426
-432.33980668228804
-109.92083689244367
-298.1391831121748
-66.16490177902378
-123.06677622583506
-65.82580990224442
-124.99628083830953
-233.2502013388994
-90.18223576442503
-118.03027139460056
-125.86769383646939
-170.93218228261355
-143.3376602776096
-90.68067723212289
-103.22004238820338
-105.88694900768061
-73.69112867979463
-80.79502876354493
-147.46836121056876
-191.26977106494067
-179.28136715276253
-144.5890043217173
-291.2843285967382
-232.9468703638439
-127.96575513492617
-119.5504000411301
-109.17606546971902
-270.3919050317978
-114.18911656273109
-98.35109850164594
-84.44768696697183
-126.27099116547707
-83.70223686327932
-231.60926843445523
5.4602768657004646
-57.36103512189099
-122.40296870547179
-169.65799803919612
-120.84926274949946
-165.4126094507644
-185.08830688710913
-50.53740707728557
-162.11231557751614
-110.42245919991763
25.198383561737444
-90.46813988678485
-133.0170685224001
-325.4195302585367
-250.1179400094763
-98.49378146396008
-129.76694380141447
-111.94838147376001
-110.33379997509066
-92.32145142809452
-141.71116835293594
-110.36586771055312
-56.56466656673508
-115.29823198866812
-106.62391359057148
-56.66121521209524
-72.45414690918778
-281.5702350085348
-76.74686880146685
-93.53715179201689
-85.4038436386443
-193.3132173057723
-62.444010804732194
-115.96170645875351
-95.95918817700384
-113.73151899340525
-108.03061966712532
-86.90111282023312
-181.7485806836347
-115.11810017271146
-79.52095024999772
-138.56300679628526
-150.5396762250527
-54.9117490598756
-76.67919067799363
-98.66964082370247
-145.22412050505903
-333.99977182257567
-105.85480879649326
-118.04479869258216
-182.15065222685956
-103.3623193779035
-131.7335998659383
-88.26473760702
-106.18566737032324
-175.65074787776484
-26.859239079817485
-105.55630578592655
-171.38444552295448
-91.71340777243972
-251.7095607405968
-128.091823141176
-55.65056841489251
-206.65779364387964
-128.37448431024978
-250.15186941504152
-89.98571829388274
-36.38172275528777
-139.4726721382629
-87.03889619182213
-74.84340692333
-93.41955694965674
-94.73511300721499
-180.86847812177575
-58.015288033210666
-59.942792627771205
-71.84516086573623
-102.39557121850946
-148.12044509481382
-140.71471749051136
-122.81283254276066
-55.4768745063411
-83.84733360949787
-217.97287847052934
-131.26826553274
-67.04401864995364
-163.3625932168869
-156.75819202358775
-117.85238503546461
-46.615935718863604
-22.038699109795935
-317.0206774782418
-138.11242436467597
-68.28785849389882
-168.77166607552147
-44.12427132388683
-53.31906899412605
-90.55907927592554
-186.05461953034813
-79.5547572381029
-221.70411373548532
-129.3208659469544
-49.964857087401825
-180.31226727904817
-84.33952607161334
-77.62801660976395
-144.23929712308777
-95.04789839478386
-265.66699318886504
-113.08156554986813
-92.32385512288289
-82.0173881791026
-117.97214488584059
-68.40958607020062
-90.77220386990382
-237.083795926669
-326.27852320494605
-182.97052526362341
-129.17261473142838
-277.8207998006989
-61.08750285728265
-84.00583568452382
-60.56475628798972
-160.59291666859266
-213.06601606282072
-44.49260393105334
-229.6435902116961
-39.92428958334234
-132.4863929362094
-185.312239558509
-109.0097414727966
-287.60092609293724
-181.44786152198955
-83.07936319069816
-179.30442112941284
-200.65621116758098
-146.91758062324377
-186.60506465270788
-73.81054876107856
-81.32745515161783
-104.15993725512338
-208.9939461709531
-126.24623820039817
-190.33496125990348
-130.01405804597715
-119.25131613120156
1.9225057486113428
-224.20576761025302
-86.12994266276397
-61.317355534609604
-64.29461761408874
-119.74590261855374
-220.53363950997078
-69.44236833124405
-132.05210488663374
-159.40952883149532
-111.83235935938747
-93.18177540046261
-98.92053940245026
-96.36886535196999
-359.0059941360408
-354.01503963185064
-127.30240628928898
-97.0662699089361
-171.58919491868295
-170.88798482643912
-163.21110740550293
-170.4090072920486
-155.38977361404307
-78.88214282963085
-82.89317209370478
-112.07713185976172
-34.1305351648633
-57.78950746843884
-130.9978133215283
-259.5641059079552
-175.90897768901078
-94.83282842326622
-62.13454444961899
-90.55405606628361
-126.5355881572931
-134.56145602497384
-211.56447595953543
-85.33973544830634
-102.68554805395279
-94.5176585337204
-102.79325827074386
-69.83127809250888
-160.3594893858909
-16.187633904527893
-91.68399344497394
-102.35964706637432
-117.29007953379302
-217.06208307262574
-476.94194334415954
-127.11285835952613
-57.248903406508205
-95.23634861572538
-174.63761427805755
-86.4803740259657
-135.071402033126
-101.4177984085118
-53.68966152453236
-89.41338943916509
-179.40748561334487
-271.9782491253783
-291.3757704967063
-120.81988597923464
-116.03553494780743
-72.97792196618224
-121.98314441233588
-206.31150805497538
-98.61400072226454
-106.42084478576425
-140.3363499806444
-299.3447494412677
-101.2008667958915
-154.19131567241598
-116.15704312334707
-49.21596598923011
-229.817944051812
-80.83596593625958
-52.65955443283178
-60.966606219847336
-125.73299578965863
-97.90943277991073
-145.9970712839548
-75.46201911018652
-282.04325238615496
-97.3755876624653
-116.2174986107762
-112.89379183735687
-87.8770690876677
-100.88688756163144
-320.4813394430396
-105.36629092132328
-84.9795598591451
-110.28823055771693
-266.6966284985145
-90.89664478447929
-160.04695755427818
-68.5665023083279
-159.64915277659213
-131.14852217626387
-208.039838072683
-193.98563101240498
-87.1460159762368
-156.12520783051988
-27.029942838606374
-71.35593340866235
23.52933961064899
-17.399698062570323
-213.22804880289846
-67.27493976610853
-218.15299913598471
-83.92233432228468
-76.12183938928065
-52.06720544835609
-109.98278679168466
-113.3366689550804
-117.19103012422596
-67.50702949810193
-211.93345741568038
-243.48038247960545
-106.66279811511404
-191.04616551383853
-146.16206988650916
-207.2445492331917
-47.89902731017045
-98.633842388761
-119.94624300468026
-17.001664424629766
-77.76685746023185
-154.74438880813682
-81.0611727950193
-186.8801783282212
-49.053626125277844
-127.93063939657276
-109.37974441779185
-243.85090867945652
-142.16610814646413
-101.4434721921963
-364.5387325800507
-37.03216867187412
-292.5406028538388
-62.85612379720551
-175.30123218653642
-43.9285043661947
-136.1382361515523
-66.10007112710394
-44.93336382111077
-121.46235926750461
-87.59741432148836
-187.2379297600392
-88.78097043423404
-118.09773659772017
-101.9845426308955
-63.22407311407197
-105.33608587959915
-97.88117052938628
-46.2774826077663
-113.41895038045561
-265.43979254764986
-76.59606077867917
-68.86790284000807
-62.38903410756886
-303.434245201035
-88.49885824332249
-85.08105751765304
-111.94791185810442
-103.91598065678875
-295.67501723014414
-66.53074383594655
-190.08334051404853
-94.25441915125077
-56.4485571147938
-101.14801875656457
-146.45206867037757
-160.5848908165138
-97.44333369202988
-116.68720877865715
-163.6066083797055
-66.25783689845453
-280.5661419772605
-73.97756809592181
-94.40397867770304
-169.61451896415753
-126.96231751273115
-91.33169554745014
-133.4699684909607
-126.30955889275967
-335.5914633940189
-46.396794111735865
-80.6673883097441
-86.80758298220695
-118.73780013209108
-112.92892859491006
-104.50935036541101
-55.36566977265447
-226.8980156014111
-80.01324433108253
-105.81903493070163
-80.05979651447157
-105.19454920663617
-138.86627662385604
-178.20835205920145
-95.39627949293805
-147.28956947350468
-105.89937001742081
-115.11596339694765
-73.88355103153465
-70.23331958264113
-131.17212362588282
-149.63367683619987
-205.76833661542355
-108.95743814836852
-88.11023002958083
-182.3550143556027
-88.298412377145
-79.24650739575497
-130.96208195766445
-103.37963064128168
-45.06580319733739
-47.27420616510234
-79.97922088535611
-91.14119336267495
-57.44511682862415
-117.01102738237006
-167.96216696712816
-142.5977328451551
-84.3615470988581
-51.155763580454874
-268.29396893902845
-222.33453197914713
28.40860036773274
-167.64694512688004
-204.28275574899573
-209.2100668915262
-196.40124387386294
-85.70099244618369
-62.60693099664134
-151.24867841881246
-171.32669148435514
-91.68069188864477
-155.8175215072465
-344.03519726126575
-61.73304225576743
-19.233769631924346
-108.34164712115253
-107.09339666189133
-91.40796358004621
-163.54522954672353
-78.18233076231728
-186.08705355813515
-31.585918281849246
-45.09528241606412
-75.00023179063095
-150.3498486009226
-94.78492523857066
-131.77476187578478
-111.88081565070627
-243.2161279399906
-69.14328041250357
-86.71382106725773
-47.71135746799125
-120.84747950302139
-65.94031869409126
-97.7433153678376
-165.89528267700544
-216.4855678772547
-75.68044596223727
-37.35750640324993
-107.09847381679312
-124.03935295076417
-111.28102565811963
-205.03571011944933
-102.70375806082166
-79.93327737758403
-117.73216867804989
-65.36137103425504
-43.16649955247
-319.61966284303713
-202.46301045363657
-80.13060184525769
-84.98217711534785
-116.35423149501128
-28.67887163501402
-3.7826176684054076
-109.07076794227095
-163.59151022178736
-115.07443195600825
-108.23847809951303
-85.24981834882773
-93.86254519761415
-152.5736415169409
-84.61404325446543
-18.93748027600784
-92.66865784878983
-93.00906394506417
-125.48757166191774
-78.97703370867214
-80.39715195472964
-17.13332228687416
-85.3905982732812
-198.97428701622022
-76.79611246863301
-124.67089364846736
-225.34684397576734
-139.24036270041262
-61.24791409739442
-297.21280187009546
-70.38411171759196
-73.07546975800932
-74.88837760001728
-96.75801487160906
-302.37557654613204
-202.19358579014994
-117.57720006920167
-147.71639916168357
-285.4008375036256
-135.16844327605267
-45.232071990573004
-85.28698500699534
-100.77072620124115
-85.3975221766561
-226.62531647701294
-103.99466756097146
-167.95632385579208
-305.4012359186257
-51.01595577815053
-123.29223155787905
-49.79992798759853
-62.53035293332955
-208.87832081377337
-202.99149803010096
-56.75604467411229
-97.40475678561741
-137.93045246963186
-156.8838622951884
-243.90314641346606
-177.66197333085287
-78.6598279072987
-267.9517084090721
-87.95856711696887
-92.37797983500627
-94.33131012280354
-81.23333764228603
-100.27779523871257
-78.5272362529779
-116.72587005528914
-80.83974959431454
-235.794810112119
-256.78216725367867
-137.11927898741834
-158.8157731954183
-166.08595643643264
-78.09698492196512
-194.8358028744472
-114.90609425929742
-83.11014109129198
-81.26797786460169
-74.28753059940796
-122.48788757950975
-96.9596824075793
-95.14563210854898
-56.916463426138094
-67.3716343876369
-155.30184480906667
-83.55147600992088
-80.1480813878418
-75.5611290623066
-306.0522259001723
-93.58454976753504
-135.39565956480683
-107.63607678451913
-110.19227635275631
-118.10612611722334
-96.30622991304519
-99.77114599520476
-146.91447517134512
-93.03143658011876
-83.95013516623158
-276.94669298604714
-42.87598105127216
-72.67704540707429
-52.62228267237103
-111.97902343782027
-271.1034841055079
-110.89942283649215
-96.72597811207925
-284.3436279810214
-155.0655171223945
-291.19683492568663
-50.371408598722994
-95.70729536105785
-72.90276164943573
-43.89003423104532
-126.84593095417404
-88.35132503238555
-135.91716924317194
-295.94652192645606
-102.70524308617867
-259.7268201526809
-80.54703297340593
-163.2221143799785
-104.69365887488506
-117.89191809425495
-63.58377520328567
-176.36031190941026
-61.531139710702355
-196.9243749264533
16.412868610877595
-152.85878187407107
-77.06133427420028
-103.1626292074986
-46.76028149931541
-24.136715373523938
-51.34530092906428
-151.80813451925968
-53.37714528326032
-112.79844692264867
-136.3199993011086
-116.55666431066447
-74.988045083761
-76.77791495989159
-103.1354319965851
-52.60037035102734
-274.77913751868545
-331.7973448792832
-65.69890148436805
24.964901847957776
-95.86419568339804
-106.62424009622416
-201.70227713740007
-319.8111037551853
-142.18549902562916
-176.6805139296451
-167.18248604688742
-100.35891044912773
-323.58783114181233
-118.77872089468131
-134.24994049476834
-96.02056667367205
-108.6298924906117
-61.00649736427002
-134.0756038088473
-65.82107279713222
-211.0737762700773
-108.87038490191823
-94.59280781672432
-14.34158304259401
-55.443877743710786
-104.60428815663889
-62.393067259503205
-64.3482046662841
-75.26316964693336
-120.79107741973239
-126.80702863718966
-162.83847321909266
-130.33684323674143
-101.97882584918463
-94.59142044853198
-111.07995279105464
-59.14387069933374
-194.10879027196938
-192.89859412602146
4.991608423383283
-11.372001034171298
-254.3985490306442
-205.84705426325394
-81.00314413023337
-82.27994264624104
-46.12754208377533
-145.75026642012688
-184.5972229963886
-242.87976848976584
-59.63034073030936
-31.617941807214994
-94.9498576753347
-184.14471540278421
-185.83416238509648
-56.0188463320367
-109.09359266950696
-65.87819566740214
-105.33697715516792
-104.37775833291535
-92.9966713149723
-68.52870928277554
-64.06431898375735
-149.83722325827006
-225.37262913189534
-50.7238398222983
-206.74544956950885
-40.850381540399475
-111.89299486073247
-75.50891261669882
-26.009858098480237
-81.10971881918206
-42.74274036082676
-71.6535104089003
-56.13611518818084
-14.459489874484404
-65.51363028247934
-95.04222913211844
-149.75141156659802
-122.03831156432899
-93.9538879150877
-77.40940158695962
-68.0254093895175
-94.1547101630508
2.9867427586077326
51.6593274979015
-25.56415139347652
-53.34660932011183
-25.521679727609744
-33.551631294680945
-180.35030718318546
-212.83129823928297
-75.34805906087891
-143.2360935220602
-58.15809238417951
-177.65195797143724
17.191873222819794
-96.00174633423583
-117.58076178748342
-69.72012171897337
-122.19180588831716
-126.40772475256652
-179.6257536381516
-11.45846870891124
-56.48416386624849
-42.01328696984628
-30.083934200098284
-355.11897049746227
-6.071140033196492
-105.10412911415465
-174.16160791364769
-130.96696662901698
-102.30143451269974
-70.01678179506614
-159.25545244066285
-45.09141014244494
24.877081422405496
-29.33108264330611
-61.56133091003559
-270.69711778703066
-123.33305683610074
-206.09415796901712
-177.03197047648774
-47.81017872743814
-91.39218081613471
-55.95564987318289
-55.12825852731756
-15.52457907635629
-100.64391028147338
-102.26312343646818
-88.4456257881487
-181.27556099324252
-164.09675133497106
-52.80200015240484
-198.8276047792516
-29.912291231582145
-82.71559873720797
-94.1571716962683
-73.97716780760743
-61.69767461548775
-31.367283099335182
16.952039873659388
-260.85916367480297
-89.2611985779847
-136.54058701947338
-109.73038063329511
-75.63139811543999
-63.525084752877945
-56.658945608635136
-65.1441212035665
-11.310791775506363
-66.80967342514579
-221.62051305763498
-90.42917264980184
-94.01083256273189
-71.41688320584282
-84.05161123975876
-253.41341920325652
-31.660866075442133
-4.8733775326059
-95.17595839918496
-84.50093992616351
-34.6437007297598
-119.30553229795945
-109.30772040630922
-16.534817287733475
-57.94843241123129
-116.19271628550213
-59.57534891454351
-107.77194959876083
-185.38373431571637
-211.3931164483788
-192.02878826107832
-180.27011020704995
-166.81516104113487
-79.67400537710478
-16.3696797999811
-50.750552361287035
11.247812407798875
-48.29889087546121
-2.0168399998624693
-106.84298050395515
-23.5244226266764
-294.4306044139931
-179.2160610172601
-124.56443110270546
-106.05786781822094
-66.32709965354927
-55.560714916611126
-30.361967466787746
-62.956969967785525
-16.53722253136482
-18.72285046355117
-141.66517314356432
-139.06258007027705
2.7370239892623403
-120.77360316313454
-46.186253618060775
-57.9265306624153
-72.44281154871481
-115.7817789103145
-121.95386754535578
-131.59542739916077
-101.54302368340713
-215.62546578982943
-61.92203190964542
-98.93490292519081
-22.616530425935537
-12.991079131681957
-69.18496262788129
-79.54628220939745
-31.399789654788606
-163.19324290269992
-31.34017571576237
-17.052295019399196
-208.58909678035542
-254.12536085397338
-105.14292388640493
-63.73029521493106
-110.74656687120279
-52.69442225890226
-37.048518726438914
-95.03854055893578
-11.442092078120496
-54.47210709341472
-35.759086477174186
-137.31908997855075
-159.9014119809917
-92.04231016737106
-94.94340005661557
-161.1551838995505
-59.182990462882316
-91.9644586995426
-81.14910050055806
-164.36747926901302
-181.71913802831972
-39.77764141105342
-66.9060823415087
-68.42655603242838
-6.368360610412189
-19.384618482342418
-23.27027834198715
-135.4850310717179
-63.19090363488746
-5.492072659815733
-23.451499014811773
-142.6111852673065
-208.94114108499713
7.409916133158532
-47.048555980342044
-70.27155084490045
-227.67884633777214
-77.19590655454228
-111.59060477416412
-119.46209794688286
-96.28457818141851
-51.98020477783845
-132.69296951968866
-51.646050000573524
-20.79901839896789
-134.30698884119772
-19.182631509605393
-50.43114677660627
-41.4340226719106
-42.14526610314557
-109.60441944156698
-234.09540079698775
-70.62111093058101
-13.838042451544297
6.673567412718725
-3.0424462026092485
-65.93637751670704
-203.16770271981414
-39.20672801691058
-227.419402877145
-29.67482984265665
-44.9552123335397
6.275470114993269
-2.427397561098701
-129.6164781625017
-54.16408499963564
-134.06326700614298
-71.63556521872735
-40.180024667745656
-144.35061663985078
-41.3778364395528
-55.89232428088254
-113.60888618960446
-110.10807351752823
-175.76987722522156
-64.32157839585089
-95.89426169942189
-19.232850132317694
-190.2080439032516
-241.11579441366348
-123.54841049571331
-94.52371931687608
-221.52129271422518
-214.04993866969085
7.021099663861008
-229.1374042635949
-168.88433415022087
-4.9328880284357695
-166.07413179259657
-58.58908795008423
-197.88770278766484
1.8831580879343761
-134.34706229798795
-12.308484123201865
-47.71040261163303
-54.30975898028771
0.07378172685380768
6.4992907691884305
4.535252294168146
-130.02353467248724
16.217413296632017
-64.62007056462605
-22.6809520101746
-47.7019411878426
-45.61949412024471
-178.3235132050438
-42.005448848281645
-263.09212152384725
53.68513973758883
-121.70052793470515
-355.4130360251148
-144.3808271115914
-122.82811191201283
-68.00954351563539
-139.70198199101776
21.941943980973754
9.514470298610545
-73.5317689472653
-11.45722696189231
-31.798820723576064
-12.347953042553833
-13.975447201135497
-43.163091798898265
-35.20100955686077
-242.69337331331045
-204.12045441320595
-227.10879855794929
-251.0880486368158
-38.5754734167701
-45.61850390480892
-181.15632356350164
-12.380201707091587
-10.356677385931306
-30.216906008712336
-85.08426546954367
-29.76378478808499
27.53649100469793
-99.92669625576997
-14.658741679311412
-230.2570915518208
-23.509726482351965
13.009056775876736
-182.6284080669872
-206.00407740583933
-16.082109410441007
5.063659204899693
-36.90584992933463
-198.26364793527938
-75.02891969167199
-148.64011477863033
-15.445514467345081
-45.59302530750307
-93.57422178318963
-48.9875992726091
-12.597277201917876
-32.729898316636785
-48.91460664791103
-74.02414104085268
-1.0504035403868386
-277.9895521738596
-48.041636271949336
-53.303880110568
-146.96745060887983
-73.89733738250118
-27.930143226929154
51.18925221314309
-27.36859719461497
-78.91290077443895
-224.0716728325852
-46.12216420300711
-52.12286310102967
-35.46633569610172
-108.92741863564403
-78.51815631119646
-28.793970196597655
-143.21474782909033
-63.52850520757955
-75.75598200274862
-320.68524696101565
-274.92994076790535
32.02859695334883
-135.76491845904985
-15.70979567095197
-39.91832035720429
-102.65052992483072
-222.55750955250264
-158.22391798651188
-46.507086781859115
-38.43299290666197
-226.50762285865102
-180.2075318341962
-169.34115116505146
-321.54064285139424
-11.327641111703588
-98.74671245207335
8.548633551036776
-290.5594208029676
-87.23061334626523
-43.57296333657618
-118.89043360639724
-34.860435550698355
-27.238294888218377
-55.928977506829035
-49.74603766955402
-3.643041769509793
-350.49451685267127
-32.25352218767327
-347.3814372527859
-75.96433485881303
-22.5620681267097
-141.0412455926358
-122.00037438522935
-20.811952572876883
-14.898881900472785
-37.98317645809697
-126.87280854609295
-52.3704581861291
42.096204245063404
-50.73621808798619
-60.392603057015506
-150.38649356659243
-103.13550679686435
-12.595224017666723
-123.54085820200422
-49.21950032468082
-28.34791457583846
-166.8427182148966
-68.75392976849479
-25.856426349211702
-144.3652568045951
-112.63343273776997
-28.812644426162905
-155.1399054699583
-62.35391342500889
-53.29690948115227
-40.7252991637354
-35.248496976064814
19.82881681962045
-38.7124949318913
-104.46934382677169
15.064415731392236
-78.2315429881792
-117.58882790448337
-7.164427242164805
-29.55504245210733
-128.77126532464294
26.524062356661076
-63.352729718190474
-47.71468912445445
-41.74368847791645
4.8271706180644
-70.19853970844838
-95.38177374130728
-37.393243257597796
-231.3448085297631
-55.56277455486084
-93.19193840597787
-66.99063384308509
-109.91168447324436
-92.58054800599874
10.2629126772516
-206.9833937246073
-46.97603098936709
2.519383102397761
-132.89485739210696
-275.96290875202914
-74.26147104793648
-71.85538607792826
-49.93638931841089
-203.65122776636883
-22.668251798464453
-103.8431311640773
-35.14410088478677
32.34799837216244
-42.54393805674346
-239.11972820494356
-68.89780739555893
-37.12319522406129
43.309096575251004
-59.38860465815342
2.468044590522865
-49.88436531046442
-33.393169134078235
10.35899718555076
-81.36979513406226
-73.73793848487513
-7.206975978990997
-90.19477375652895
-33.26757302780357
-274.6448786881581
-155.74034356337205
-69.47116928010097
-13.381014647295913
-326.64778358426196
59.229288825471045
-31.606198292992957
-27.72856810831852
-59.38989373679022
-97.51189695003599
-48.53171351285435
-33.807055513768105
-238.129087390186
-3.628829101217307
-109.61764223503745
32.90235910973165
34.74532432600458
-37.81843072813258
-139.47098064791732
-36.079623264806
-68.86805785321525
-31.80451196792331
-16.723521940952466
55.217752511092044
-56.46449736739406
15.57262441157495
2.7587318454278886
-17.062140829270632
-62.00854464654598
-100.65071814507453
-196.1034399726317
-81.94272359273137
-278.54109883845206
-4.950393091338002
-99.73592605207962
-162.12360426030065
-56.680799783399706
-32.53098989552005
-36.197205882459045
-55.29923663916128
23.572308482967998
-95.22000112017288
-28.86370828538572
-61.20462362505519
-25.741825930441934
9.193473274282837
-226.21509808466288
15.112314898366574
-34.47059789323846
-264.09505970343497
3.3544297606821587
-25.621923551555955
-82.97708146548197
-87.1403203377557
-123.13541386670181
-10.289010427975725
-60.62795413021294
-65.88065680383639
-4.413355114540849
-35.74109574497493
-63.711730300556965
37.893069513482914
-58.713600592938235
-62.81690021285353
-96.4820507214906
-33.11207406341855
-136.25091634756336
-6.753850064774042
-35.165303886890264
-18.58353523026907
-56.66001640363285
-56.97667351909887
-86.40952334978176
-155.5916314707753
-30.946645122675484
12.668522680437093
-117.18482595810002
-32.9487929363535
11.237661647452775
-45.11824034120587
-20.74335347432775
2.423628447905152
-255.39848765975688
-256.12378513156045
-51.57641648734834
-176.45503959442908
-62.74182679488648
3.9875131151045196
-69.05714941082863
-34.118743499692826
-26.97755259409874
-8.365512992966728
-18.067854108490394
40.00139282964646
-26.337123958730366
23.63355719922552
-90.1934031413246
13.768145209268205
2.4625151230761944
-74.46307683107736
-61.12408158710211
-87.35389598902799
9.474672205211448
-72.45470392110363
-28.711226561359503
-34.56414177692947
3.325753331765881
0.9240825194994642
-5.066797222402204
-20.57478143472646
-75.05601753828822
-8.11788780915304
-31.273367312806187
12.97962606614631
-49.61629252675361
-29.664009966846308
-54.78898999738959
-63.38649370798412
-34.31984393106943
29.041430439679687
-66.46295105665419
-7.862094615090172
-47.54735147234756
-53.817336306573516
31.11137606382937
15.777132766913873
-59.12235814404805
-35.91043356592657
-7.8248784132469495
-8.314839425245076
-3.281253410839767
14.373878400032737
-95.30795499593121
-67.74141995877235
-222.02573679059702
-54.599622754828445
14.127529950267288
2.6793583396357725
22.077004296588314
1.7275107570919133
-205.93256432327735
-245.24193703961788
-349.4881203596559
-53.59552258230588
-62.009282578539036
-65.82660475753923
-43.342480455871936
8.386059120292892
-91.77165906691984
-19.675955765703087
-59.49917096847393
-60.56411972479032
51.664891431109346
-47.83134499619227
-80.73686159275275
27.091975742457564
-17.84966597115025
13.615731812314833
-51.48176336055909
37.20152620908766
-52.62666797667967
-105.569730156301
-18.64542503401141
-58.062558231095245
-44.639290255259624
-50.97132451118246
-17.23574690348329
-16.458685927811334
-37.423962907582776
10.594274764275513
-114.88174002224663
-68.68899912853362
-8.483872261992772
21.57368956435282
22.698793889358026
26.50774541471531
-39.537164348606424
7.0171123826906125
21.40004033034954
13.124453143195879
-12.618872999542647
6.510253342405093
24.465302027852303
-162.57666523252038
-25.590025058173467
-31.094979945421464
-247.04499248661827
9.045275711449108
-15.49922861193378
0.047825924456759594
-109.73477290799718
-11.962938814599298
-40.466333177769485
-29.665687721131643
-16.12120781449581
25.765282280477642
-38.793651364114865
-8.95519773833179
34.04916662813456
18.7245621581731
0.8306313758927413
20.022611821230925
-33.709316195234265
-70.51514700518052
50.415152055624944
-78.05665642965835
61.229684836377686
45.39055153566741
-105.1497715838523
29.90438155099944
16.240814569658383
14.002667814224104
-40.00197543091091
-0.13509749005072536
7.800715948011682
-86.07746233113849
5.507988199309324
-58.606795829550215
-20.921848377937977
-44.59249153952645
-48.37034661035446
-43.92071754180917
3.2458135897174785
20.76353265922281
26.295368229877297
-3.098518954276468
-28.585415797945373
-15.142620634333738
-42.82032495237882
-76.63678682026963
16.397404957665707
-13.103669486800477
23.849514628865272
-0.16793102994962794
16.63196371858629
-40.58918426302152
6.740275869342057
15.136091308707332
-58.8070338165935
-21.41007080894188
17.099183364440165
-66.05198853835715
-30.71281059958347
-14.401900250954114
9.493702075298252
-1.9497815858000678
-0.37956304362695903
2.707449025927602
14.249839501189335
-50.16393632596021
-8.587370530272459
14.132534904949352
-61.61344787214747
-55.91015192330722
10.357190371802076
-8.873505738669408
-65.63943189203853
-45.2160131034984
-13.168437125241766
59.376995745243484
-14.13187407041157
-99.3090747570826
-80.50790074069337
-53.757704736114675
-8.684398510904177
35.64298921796005
4.928526023220904
-7.491389302299218
29.412188896638355
-34.25922094500929
36.66618338767028
-41.44855217609717
-22.499505085846238
57.760452279094835
-27.685138629355833
-18.45882907939705
25.40675004956241
46.417006469118206
-5.469641734304968
42.57522403552169
-69.06544094971677
1.9957436165977356
18.70243727588869
28.41643471698235
-150.8742478822545
18.467579013428562
8.788631745529727
-7.360691450233208
14.597985814314086
2.960667389041115
17.337514252528543
-36.58219014574061
3.2821938626935463
56.16267290282974
-53.65579972668191
-103.31910380105943
51.45477262224987
-49.30286843760474
25.063676190644117
-21.547588899829787
-60.37875639209949
-23.585532812732907
-142.36471607595817
-33.99434549248547
-440.38601092424653
-41.04385330660371
47.62844381520525
23.2711418505679
-9.516458233797081
-35.01846335268841
-8.546867075734323
-6.6974992625350325
-67.60463339799011
-119.30174897153317
-42.361924621432195
24.96750713672641
0.25870459978310123
-13.570029863344622
-67.03686016209485
-36.89579571953789
45.796007424094
-31.285039017153487
-36.19907662822007
63.39458661800771
-26.510374308603687
55.853184800206535
-78.89958927363473
-45.96726979509307
-26.07512044503548
3.2858376905591413
26.728016845565115
-86.30047264399096
24.221106629861424
27.83042292690277
55.526517785330526
-39.37592559538828
-20.131405327507306
29.09717253242499
-7.107042648636302
-107.6302189348942
32.8263448422708
24.667733733588683
-279.4295896953382
50.63867610850818
13.23118989481771
-60.78082137498585
15.116589181676034
13.543759211460866
7.325516764016783
-54.05787178861059
10.006623201024922
-282.49880006368164
38.44960155485728
-73.86921694253648
-9.858389968911894
12.616845402213087
25.59349088010326
30.184152898398025
28.691369427068025
23.235691484872007
-163.18162206205525
-0.7613047944442144
29.837307558268176
-48.53890655750919
37.747425970687125
-38.83973363130178
-26.199528876502335
-16.242864778230583
-40.57445649001359
7.426934486763621
-0.4512649396037318
-2.358697746990103
38.914613124429295
24.944330945110195
42.038333063812814
18.573334137627896
19.921955022029934
31.19068905649565
-97.68414901040713
20.638089972910805
21.78305580823036
-35.1626693497691
-44.27415481076251
7.00275682204969
51.634771082262475
21.3165641090446
25.538353597698283
41.585508622240724
-45.594583606630295
1.76056431864653
-53.93826833331605
-17.195269184401116
12.643725802290337
-23.955069404550315
-44.01327853734333
26.55020066388539
39.510758739892026
6.376665686026378
11.498943331664641
-17.594079988280118
-32.26879823462663
20.24938633361657
27.610896924350982
-20.889204996005844
-35.95970317548921
-7.581315136062614
-25.262504222082498
-156.55152475401366
-3.6434647429614273
5.761251891725294
4.515419182341461
71.59356187113937
3.302625514935329
-53.00535404280825
9.716246424416639
-3.2071277866692043
-14.19762775112794
-0.718950465881008
36.096389545426085
-4.38954351210181
-8.267828581041535
-8.025557818530034
8.984988409118756
26.899825149568507
5.7995306969286275
15.677940711804816
59.05505187540987
0.29747606403704197
72.59371275353813
33.99578302649067
-29.357215887694963
34.206297264344244
15.358926453646141
-94.71140676830741
13.233890739713104
-23.52394845060941
-82.54320314395943
-199.11518932064206
3.205695733112403
-5.59166897543345
21.357288006948146
-34.19923092420807
12.477347992330646
23.10206833913324
-17.385503193035532
16.45217328385695
-52.88800320332618
52.99452687367061
67.42671219758999
-14.02117788726224
14.599778499106733
50.229157165925514
68.1967035074879
18.043523148413662
30.20635556556784
13.591951519753554
-67.61853944942108
45.323593515765246
-5.551024999235034
-85.61144063842919
32.53521820290244
-6.023717573216629
28.806324346070536
64.07595061932926
23.084868414415396
28.082819603256766
14.303334306414541
-26.747049512018908
-32.061751075778666
34.10512499595656
34.69747545884134
32.67827032872745
-22.719665675547446
39.083345176821425
16.6681857396149
-14.584372688251225
19.994602907511865
39.53607495483695
-9.023650917636573
29.20459007095934
14.341924935536833
-45.83667016747652
36.24256376880734
8.841187456397506
-12.450313105030084
77.98654115974153
9.53093788158214
21.836651433451166
48.03502526210987
19.44266736184666
58.96016304491911
-48.937720767027145
12.072307528779923
-5.543457560723482
42.73324823495663
-20.16811205591469
-15.054989861541237
46.5960738996251
8.372185747495067
21.574075091076814
-0.614857549837537
33.434383407412135
-2.9894642143159587
80.2544776386001
21.397001056137796
-3.8883511995810665
68.7336606067333
70.23551287689452
22.79526619546632
17.89104211203787
20.84182073452793
27.69246239287986
8.222739840738626
8.163694172837808
52.25314267009523
-9.820456216047802
38.64091173406565
-4.976150754677349
38.41155683800238
15.540031807802194
-45.42936746258877
4.757168418458342
14.711748515092808
-14.202084613964956
-25.03342311343276
11.910124779949626
-39.40647585133139
52.372537226559736
-17.60770855485799
-118.43872609278125
43.14910335671751
69.43193942617721
-4.754518299885042
11.41407196142437
41.24350970385466
4.22124767014046
-11.464527229798652
-7.932499264625974
-21.119152341007357
-7.659934363062419
63.943971372211436
-17.965115941245035
54.70134395014704
-44.63124830318938
17.40563641015767
15.749046561124189
-53.04951117876144
-15.537385316735726
44.13983976630372
19.172676676175485
14.048905360586446
20.69788992039641
-82.79387396401808
-0.11176406164321406
1.491561227683727
-8.546930972320283
-55.72302814189997
-53.16892693639018
6.95641965971538
-230.73907899876974
51.23959573581931
51.587931617915714
26.106044152635786
42.94562720544927
-12.295967957843878
27.393133432896505
52.42565919322102
-4.175217270296223
18.566847117534465
35.707213896172036
-33.867860777278125
-2.1882766665862334
54.21815869332698
2.5059349504787605
58.72558706613842
-70.17528528885646
-14.67339836865061
-73.24048653065401
44.63498476416875
53.362423156134064
16.759078483357783
26.943226569786944
30.24220529126916
0.24909408755988593
17.525267574543236
-25.613050670599502
-31.373423994238905
50.89899143312166
7.088762988373574
29.241556965805117
6.051387084946409
-6.353251417421319
10.087939409210307
28.900584811999664
-14.946893813750236
54.68439375074105
-68.72504359290822
20.635622172192967
-8.38000114510711
-24.117192790963713
-14.261564446440815
55.83972253604044
43.94671783504114
-11.151546316966375
33.95678475580398
41.053829619296415
-17.145664711865194
42.20779423632584
0.3200333531813868
79.3450359650645
31.413958841186236
6.703329654098456
60.21650984566409
-87.9706407871507
15.025812639621968
29.842334421529642
-43.582216624027005
52.66179114094972
-21.248796599490408
0.7816299676404768
17.231336005726384
24.387678365969407
22.584484137589797
14.953877735488888
77.89735395506884
-2.725962926915404
43.96338272592027
-5.597608118512554
38.56298144526258
2.33009423347238
-47.26161112005245
-21.23498368062498
6.576320410234487
-167.97327467814213
16.812703331630992
8.593747617192225
-10.138177634213264
-10.725930666573863
33.03871557675665
19.949652824316793
50.786592429352865
-62.86707541312834
42.90499095368313
-28.430572109310916
13.071701774644236
71.53523151229653
67.29046177160251
52.27539915764049
-0.36203142901341323
80.52037224439836
0.11180044456359184
-32.221452764625084
-10.262426927093546
33.525638042165696
-102.50809851816545
25.150649560408525
60.690311634648815
13.006716027528753
-27.631854252865953
80.13649755411663
-10.687388720638978
39.25975993740265
-16.896532329566945
8.62596247824004
-27.796663418283522
32.62010901932294
53.40108621455697
1.8883046622608788
45.321878340034175
1.8574729074769891
28.68322752751149
49.99315011685175
77.77853531860615
17.42996603247309
8.705734080801298
-11.839156525205699
16.749377190196327
29.74994200121384
69.3002055993945
80.15701962820683
22.63313722249562
-0.01856915761070077
41.26160090795207
35.91753108068842
29.22870949891646
-5.128553593729951
84.65481154823567
7.183437627921407
40.45803891696667
40.70499207473668
33.21581682929255
68.13300406435675
62.48395838321854
51.73661927226445
10.41169892923439
20.075096156329423
42.268865936135825
42.166962423821026
98.60038343023928
-0.6948497844735471
52.33623869285135
62.369483758203856
81.62626184011309
93.92941431038557
13.934320994351026
-4.8861208553527575
2.9585821811288753
20.945542717315575
-125.53546772760603
103.39540859839215
51.73443714910011
85.13030750601635
-34.3979255431291
8.246375845247229
18.750678813962935
75.42195257062274
57.26753005894865
82.85856353379012
85.91266657596154
39.10223439516636
38.93074193957746
-15.734456626062979
59.89399470579981
44.97126201311762
53.54450568702643
14.289494241283727
66.93105994344276
28.46073596316963
52.936374231619254
14.23085171346193
100.50829645619261
-0.9858093833346686
45.84415224969584
16.918929897902714
67.08684909296184
52.69312476855973
39.96524708083743
20.158964054874644
48.08932300588923
71.45878322391323
94.65722201897267
-36.74769279894279
-12.056509207513063
46.350964945609775
24.124841451206834
20.64026214790936
49.17528899016237
12.05808623246844
9.891734358012663
62.860445273316074
6.945465677573608
-63.336414350646265
-38.71829924820802
59.91812637516561
65.40180005373907
-85.25062359845671
74.78126280668907
-16.231882520616836
94.34052677959313
19.855436829761288
70.68710410248589
53.33540111079719
13.455161411443683
98.27832295678148
-10.072814175661264
21.02371452514079
75.41544851273224
-2.22843398656984
48.93243778583653
41.32078901692064
56.61523164143047
17.50271033146923
87.34861039945011
-2.5201967261407887
55.33097536969297
-29.363648947899595
55.01537228079124
40.872695494169285
-41.44893718929012
62.40092882992132
59.642903540957384
16.655049073753304
44.950158479594776
69.45990273815215
48.587080919079
-34.38109344829688
53.98383075190504
15.187828807589643
-5.364255400463833
71.17174328679161
67.737153396039
-19.89516153029605
88.89427877082315
-51.80472620916203
45.22889153068098
50.53863047685422
25.831380284144544
-9.325641826863333
91.75535587068428
34.57835602868889
16.948053359804575
99.4274250226764
77.8831077320047
84.71091145574916
-5.947807064157864
38.22521460532143
70.16546185894782
58.668585006463296
34.94969260585886
-24.801383469432615
44.065861706794195
17.389929707261928
82.13565035558733
90.77495519535606
70.04248343829968
-8.465775063730057
28.90396293301378
74.53115348093475
74.22972895405103
41.4403104399591
50.09976328150935
72.4470550483563
37.510175686053294
93.62102708709986
64.50372548587968
56.14955470522402
38.96715271722958
40.792283386917774
88.3267178913739
84.57717643106876
69.53812444977896
77.29854714717504
84.79409443526121
41.09126248001078
45.983990013123915
20.46572862715717
31.00215810885937
-195.54757213986102
-14.072005474530378
58.169534975619484
-138.26104207430808
53.9372970864506
47.80791246611242
88.94975933470398
95.53674152804433
29.86334931588108
92.28973771189021
19.822487603667604
103.98056319226338
28.42250962629436
82.63429057271568
8.86275335026897
58.83184216512748
58.161036601109174
-31.537062254336703
44.292738654996235
36.42254417846121
-10.452116698176752
30.15995478379071
56.488630289013116
60.17125373993923
18.31085236501623
17.75708628649828
12.088325347769011
24.077628143071735
86.46565733578878
-105.32395194222467
76.25421276451478
56.9803189585821
64.50956929829435
9.267449242100028
68.53455844905115
35.89892154715604
110.31155276729028
33.62223938871277
60.53132993959336
50.41248173180074
74.98146191582956
110.4500498620125
54.61873011675131
61.10334736977522
39.384069187314466
13.512849270919226
32.977726953902874
64.73228393891405
77.26501477030786
67.64930964953581
37.63654549633118
89.82900712926981
73.8555187196235
101.24349666859402
119.82812806536946
-52.67737899449462
72.39604974951068
66.86490779748641
79.7328230197073
45.67358020984618
100.5249376125169
45.643516102979774
100.56592654155406
83.04046015324563
78.90605589729842
71.44876203921008
89.35248335469603
69.90305023687742
57.69104372351167
84.48510369404914
75.37604963132391
111.93945098974186
52.58416725061953
120.22146243693217
91.0097751525243
61.26284595407759
42.55486329188983
110.2681574339042
68.00294589353695
110.71375292218934
6.996787648651011
98.86511991988814
0.19289070555691978
59.12671790631759
102.30167609824447
-19.680443694232032
55.14740227263188
99.6346773798666
87.06671807548932
98.10068860238067
87.21728132829756
66.88977373214567
131.88816200487878
6.927541847618393
87.93962736502414
-10.177009020641506
57.38939142399376
53.79327180774999
90.35011318361404
97.31177723870616
80.92148677585129
98.15550913664026
100.94790141002093
55.85140261447849
56.11901463567847
96.13796913420141
76.35385903121406
35.944610824892436
103.98899411531329
58.14026738495374
79.17705752600833
69.59265519191024
32.6415161554626
46.899767536112115
19.23038817803596
53.9799486394338
63.294275521122195
67.11202769986875
94.91990314508101
7.999890845127332
152.52052249656094
79.84258638116401
97.90282811041146
100.42450965602373
97.88779817040096
72.89776644993051
135.7367204966106
127.06217012175762
96.839273131794
120.44310680168698
117.20378981685128
105.03883945009017
78.36493327962302
51.44289805787029
153.26367555143423
-11.095309345081901
-19.29325216518727
12.842632828943565
14.764565162656169
106.1425208849409
82.88480667378029
-30.2517595538431
107.51377518480494
92.22073616977798
10.81094611905661
89.43009971135527
4.491101842364856
123.06656569211295
114.15440997838273
20.826634049914304
134.87619877837875
148.4943997933729
76.62952498744914
97.07506907564775
48.49910179242426
98.38515241218957
115.1485134292536
43.46036103631468
52.146547007119764
62.877044688950676
95.49621697950585
97.76826581068583
154.77281337531724
-8.920852216264038
21.085172552071228
100.00085586693962
106.81853072637296
98.0406279159209
71.44893428905252
52.465823183150135
86.75205410137026
16.31362787116334
92.43385804799873
6.005986457211435
160.4715156632589
104.24058746442195
88.0087398257432
73.24379193403674
64.38096589700953
97.01779320163311
70.89640876676596
84.11609766274931
129.7584684008222
57.49685227581904
-20.456291143203515
127.39628544078498
87.724816887299
89.89863474617036
44.818163968674014
128.3154706757332
46.049034667378166
80.78823699700246
5.143903314357345
94.12668388207825
103.22240152970284
46.52291202781666
121.41483221393058
72.15592082808188
70.14951551555885
36.72144474627421
113.49241953774664
117.64020637773291
89.71061985143602
127.84933841688525
24.085731467023678
69.74319750000267
122.4232429034892
109.36731336092289
-71.14763041826328
69.93025488769645
73.05709840749603
69.01303970465815
128.2447135609543
116.74422871427032
94.5937038980438
125.89928318867517
58.056463886467284
136.58848871658347
96.65925711496905
95.33892097772573
85.19783704109278
102.7838289277195
131.21907876666
82.42546804209597
0.15110863839451838
77.60375350301847
101.40360209678224
101.69441940833175
128.77807310355456
74.64115707791049
106.2439703067461
114.34556386941998
14.179341289305981
103.28820119671974
102.1855186500049
93.03168270470226
104.60629281939947
142.3828806958485
118.30504804727374
41.46095520390453
78.49049917176517
145.2393024210922
118.45341065850737
167.71035849753326
105.56725668560338
75.90939915416888
173.1620872666987
72.69679777660564
92.077150063277
135.40894169459688
148.9087599292287
174.5216970560512
170.27010298390135
129.98872775855688
137.94811411010224
132.9690742655825
69.76484136042731
-21.406571084632816
82.80165473618563
117.6718956285207
132.856781461716
84.07855602885869
94.0518606891685
68.68731478471844
126.96687135152249
112.2399162317459
2.673122761843061
127.67464778181301
103.26337254922335
121.6912999528634
83.11107387920089
101.89040828831739
134.84244689873944
158.80842485917992
113.4030265983425
37.072474019425954
43.42083353487699
-20.535508687300464
97.01089479268884
142.48723766881537
72.84918598998712
111.23436064888124
16.369001879316116
49.439678282199736
100.06098262835529
32.48544123407167
134.77695782376645
81.39685743694058
127.58569679367854
147.164681574445
84.4739939445
163.87713485821234
111.13269704116223
24.751934645786562
9.429599262228123
79.62457051122323
26.2694967434429
92.84482122930578
98.47435036305353
37.31622458305198
138.0147352909132
118.32987258476939
118.36881515602933
142.95502135954266
60.9831226187531
111.6450627181047
140.85205036729715
143.6160120543712
157.43385165567054
96.43193916679118
108.07699948700119
34.23268251974346
105.22300221173035
138.9426244508245
119.24697577642965
106.66859710462258
31.92413128007567
86.48016856949943
152.60236395657694
44.59511762360644
5.200074102050607
84.61540720239726
89.6678107080084
228.19018829755237
117.65422927209269
163.59497412338553
132.38095135148643
90.19181212079985
96.16680048857319
89.553331576195
25.88369937669534
115.1451969435264
53.30780389689205
19.651506865595863
158.41893383326217
128.07993122329478
37.4459357874356
163.0433539274355
88.89888912690007
35.70448572032296
-15.245983167180782
151.6282244334177
174.78035021647912
126.84867039372021
106.67055085150935
126.7845235926089
67.77728725541117
122.79680587751807
115.06994901068386
117.36872528100184
-32.94179871866274
129.66942542761902
96.94838340205801
135.15194517799264
108.82355617340114
156.02319219730444
36.378313358809464
-17.11778530448649
102.67958472990803
135.2608246558941
59.10518038577342
155.48853450845516
124.17692812531803
178.5980309340239
88.14766684409551
132.03861897153695
172.34236171909632
173.83834151875294
130.1652881323206
-20.599869424120598
39.66385404115067
140.80846783757804
126.527696126095
153.44299695284718
-7.405716115896858
36.44566376642038
109.0036172329943
154.3802956066222
158.57393801405095
33.18859792623293
21.78016420352415
28.268247338776604
172.55411671800843
99.30597024038588
120.50500398161604
85.93106076707537
130.20013930230647
99.48152975746783
153.82336498652623
111.52999683205437
-12.409262259216348
117.60212105122498
17.758437711649265
121.69994830061943
139.60029273147063
149.98685178604958
107.713507844559
110.235256597009
97.25864083708446
40.27625287077052
24.95220806552394
58.303101273230425
129.1516155158509
144.57345029882887
104.99301451849297
41.551034673275836
97.02543413185708
32.36399406706391
119.07594297190599
118.80040843566644
115.80629606674626
57.57155557149909
76.68025316743939
88.54282832721914
89.93135637201192
130.9774990250318
147.76977661792168
114.08928073112791
42.367615452606685
73.04934952002976
115.46696083757418
182.74955129772965
141.5750045633861
130.69874687792424
129.0667925364474
51.513702744575696
130.73735568428356
152.9550451895454
107.06305158683162
145.29968626483844
169.38553175745432
144.7620155743034
146.24147071806243
131.3438279094416
139.15133894304316
139.29952399245758
95.51841569201088
144.7608723145555
103.84411583030601
141.003564561755
58.527546912364926
142.2526935942318
129.57000265683996
130.53354827052664
97.38999016444178
97.66057507996673
125.86562502495708
113.52862222933278
26.750130420812994
96.19678571283879
113.81216850043866
126.88683551069859
84.39340268949809
128.91592309432932
109.891513244003
143.44701010689786
172.88612236803706
123.79632571388302
115.28140635793024
-125.80211598476174
24.023217603035317
145.3664206661222
99.3264980103132
88.30522684264568
153.29607789818402
38.791166284267156
39.505823724814206
90.21776503200137
164.16186599125302
-1.9813891463326883
101.76477835461914
147.82839987544145
145.2645428673248
109.31533593389435
99.3974667047288
105.79442336683138
134.52271889690377
93.77633749781181
135.31136706575532
132.30646493825643
148.43464169148797
139.96622459753885
136.7046734214022
139.7224827516393
124.18073173148102
-1.196867129261392
183.25447113473263
181.34525996745234
119.29235705588889
-15.343829712948923
118.32094612793131
146.99094933444397
72.45117461091375
150.23880821307358
24.38879858013201
66.8813975952207
108.17837020993663
177.64307898635928
142.4124825854774
125.31518552750002
115.57050325044848
152.20767282561079
44.03454590206979
98.01496438007875
155.62859636537607
137.0538629327964
148.77641872342386
137.46233210246663
128.55033719013613
119.95408127759887
151.4492128941805
164.25365316984963
-47.71255488603302
140.11874607200568
98.29803968694682
39.37423509450663
123.79392928338426
132.37753389223377
189.49035550353742
130.5179217579736
104.99805265418408
76.91403360536553
96.16640251354342
12.401659210545063
126.11002146252626
160.74098229709824
133.76952113421552
108.04080308157184
172.8915559872526
130.80453647325763
191.56147838001735
137.91282106194961
77.81638338157192
-19.989075268346994
138.85786846973053
153.86503386666433
129.13259796722264
117.40302474730474
125.13423785946279
134.62122686704106
133.39447071176818
150.34165827275544
116.34452883020855
110.22661041438107
149.18653490876227
12.956362829302563
116.04657008540923
144.26878361996495
69.71702480289295
138.97766020443532
124.99290445035018
145.43436033218552
128.19412434110308
132.8506253043806
137.96398914818099
122.67823979686469
95.01331565201161
146.3921360926812
26.450429145888393
108.78990398676149
112.59247439328476
122.73245842220497
126.09458881654702
118.63215849593966
148.99571271226327
162.30881870103295
138.47771832054678
120.68963205921985
140.72255995811136
167.90544888302117
96.25548846734179
108.61243217550052
120.40303868375692
136.17783969868017
128.9086742675991
14.114025749031995
86.64085187097311
149.34260028879208
159.9692574011836
27.047146827120883
148.35565179850383
170.46605496610522
108.86233451179191
129.3599448926063
158.18171912784194
145.56709299934892
146.54106686897123
157.02926562390462
127.59834715269776
140.13718938601903
-10.244346600857412
144.6513731092353
136.57826524026532
139.5088671926943
149.0661786569169
5.621709224014822
99.64407079854472
102.84254434199396
86.86440515981697
134.4547683230188
147.08711806141014
143.9501170479511
95.43227483949555
130.74851135485133
130.58412280225232
134.6969697965295
98.27657738044748
-9.388731673576018
116.77918755587032
118.88802667576202
153.83871294898515
182.3059623432441
152.79707606433286
117.73714164542702
154.30111283329532
110.09331383335555
140.38405453500246
128.46959486047982
87.47456221338983
98.41917167430978
118.73584450807628
132.07802360197573
109.14197557089157
149.5871545459806
140.30400348672026
138.65896279082116
128.64204738973936
168.9713307509184
100.81783080689699
153.97746959781009
161.92218601261675
151.9936074522609
104.4028967080586
147.30957652778702
138.10251864803374
153.6102467799546
157.52344916792086
13.413314439654513
149.39970467718027
157.26614732736948
164.38231369808247
99.88218849152634
96.81829944606824
128.05180151338135
131.33863853180551
113.88190199866862
-27.954429140561075
130.297701081555
25.122694854204696
141.20405032049013
137.97136274854293
145.62899887683466
116.51888887801907
152.73480994811035
183.01046984330927
132.27066775844224
130.31961739264534
136.43754258321852
153.65064455932
124.20930071933135
127.13467746451914
121.31947361648926
114.96237683041865
-27.611642702251345
127.96345756576792
126.36592039951286
-19.138408337091178
131.70629462691468
133.32787119042476
139.23338494765798
152.44750299646128
134.2549929625709
124.22077690503632
40.24758699907166
143.49745349841692
155.22054975892706
111.46141827222259
178.2291155866073
8.229013575590237
114.0901724582458
138.0787071631657
143.09065469300168
121.91411790707596
104.75451191922203
94.7602375114287
181.43791139114964
136.00934859990244
146.97318591445406
122.0676800226122
143.60195748973524
142.3002938288958
129.34258860855343
116.47015396080121
152.25249677053645
163.91323307510328
138.35727885068127
-3.9871935428168825
101.47034760448383
145.66142940066942
151.92671171217125
164.4183550846245
10.63004577119149
132.6690684959633
124.3124073310498
116.4152239165014
125.47736875415676
-21.19467633730052
119.80395702000311
137.77592967385326
157.2905630410835
17.849297656294326
145.457364222445
152.7506512470368
152.19836050936863
150.4073609638636
162.36591092227323
-10.768174251673983
109.20681545202635
129.3400852068701
138.0993220272216
113.1877696044825
124.66635271613634
51.62069458525518
160.0312955873491
103.00443809915669
110.03036899671935
92.66152916382526
118.979732580098
164.09945185848014
130.39379146336745
142.78865074784983
86.25144380027767
171.94981927248966
140.4766766878626
91.28012009424722
92.35138019640294
130.20598404836673
130.588122537795
130.520490653464
159.21070979558573
136.11260895526377
125.10223570295888
110.2125893584849
156.7266227147926
144.94703728107984
84.76985318252956
120.74741519990904
97.96780377259557
129.11606999780506
108.78678830289981
119.21049692864548
136.57410769387354
119.21481717886456
153.4617319704584
130.21601172003756
156.48982068499686
105.17208110616411
100.25064274627368
126.73728016966407
159.29801227510023
145.21721925525733
143.7352212875483
103.02514511682166
118.39353820494152
134.45142331802992
-3.291116979182547
139.35224807908853
174.11352291125004
140.31082108944432
84.74893581923564
135.36460128637
177.22415372284553
134.50757077347168
100.08118263348805
155.03468770444312
128.15082733832386
129.74381793835204
151.41264072931182
127.44451770242755
39.68869502009315
-24.64587915654363
179.40233418724267
116.94350023971143
129.5161740680911
129.12438965266557
136.75578226889098
121.7531553986683
-13.518353715281748
107.33402853282766
-2.847121044919504
89.73149261392949
-4.420539445473395
142.02172613396638
125.01147384410942
123.5370701040901
163.2238892133967
121.18272944657346
97.4958373758946
125.17434472753541
144.1946443187455
119.04039691277919
88.77261685931994
126.86374327508854
99.51918435469564
162.43204938282219
149.70643144763145
108.20136709412854
147.36325332277153
4.070631368134741
124.03284849195553
139.72477224854066
114.49044202738695
149.8488004751761
106.57252015326179
130.1345357968602
155.8716556357032
140.95218446036725
123.54118228754729
119.43201230806348
130.82427598365643
144.3829678729405
144.5492278715255
127.95165453513529
137.171796158525
126.7285966822512
131.62641417159674
158.57866725302492
175.110389864088
119.73097358320189
97.54158703444917
110.50670587552234
163.3008478342321
128.18475754500508
155.58611433907632
189.42986175894563
153.81867586669765
90.59079451933128
131.36559241987737
105.86161057285226
111.12100737068661
137.20024450141076
138.42343546701272
150.59854346223594
155.94577781187851
121.40372447472502
154.9565280889691
119.82698126593351
151.75419782454173
15.142206778195629
185.22562144436182
105.1821169370766
124.2333151551401
122.13579304018826
190.1660393909347
-14.21735283361491
137.5861240963684
140.2649830183062
129.83620135202037
149.28794254730192
134.8859970863144
135.34086245382412
126.03384605807291
126.22601348500372
-14.557815936951613
127.08176206632933
157.74614800777627
128.51218348954814
121.50937748137365
125.39793448739348
119.54970963300032
142.98386723747106
124.3926035538289
170.4984005690002
65.31169980323209
112.90571140653321
110.27725167608764
143.6575817522769
129.4369428645477
99.6967982326587
89.92724633059066
150.9735935959423
165.63308175744277
125.3082220025836
119.14053438088123
135.77164759401688
144.32783697676362
108.6012396080194
94.32573568977374
173.24535429599936
119.2819375106549
164.45331342326327
112.30610347586807
143.31882153946427
138.69287015916595
101.11100946088037
181.06539883576
135.36477298352042
158.7630868222767
159.4997193543728
112.45054423752609
153.58675456733684
161.3433657161458
135.6699873633916
122.4033156078385
121.17444954960624
129.1368286419822
124.64975544576295
126.36635458025606
154.731934391966
133.6158922123803
116.09353366716664
149.19415379713124
100.39395418030226
131.42781176201945
116.88144930830394
140.87778312843488
93.62660390863276
147.90249321061083
129.8388351225647
-2.648826556453656
198.16670394566466
130.22138117011235
125.7088328717443
122.13669472247973
184.69462471405345
148.1189972053742
119.81140856354142
77.83044245757021
132.0938182356986
125.28872620318516
104.37084400845555
18.725318679455192
111.88400856019894
106.26767946295546
179.9477770878292
161.82248422570558
159.657672992755
138.70730072891803
155.59037805905749
118.66777793986797
144.12310222143472
148.02179111061884
132.03166515924244
147.82587451781228
128.24458124564265
130.0471358742224
165.76880561629355
238.10080235226496
103.02064202742241
150.95017040474562
168.7364096229259
113.7821988776024
164.68878574813013
139.28895499341274
126.64545364588623
150.6254385524715
117.15734527125369
146.29219111526922
166.1269118747586
121.54145456133351
142.78537980610196
128.699248654745
158.42333738027392
22.294208253020727
128.86659609230608
146.3768795341036
146.65837838922062
141.13375858354962
51.26212608555656
173.89506973495347
159.12309915943666
102.72821296785725
95.42782487480737
189.89055002581648
144.8450571011781
178.31814982035877
138.2519879525828
104.29944801821716
110.91212730585877
120.23128057204529
118.72531320246037
178.7585888011991
14.40507275031446
165.76527528989783
150.0447547993913
168.4051011996701
141.7251152047871
122.54177350740211
118.69744456970814
122.81753485147911
132.2959990383385
129.68589647783276
176.8734739304723
130.34340466760332
115.4892980077362
161.57359536626944
155.36047712635525
135.93609480880775
39.636044123638
75.18917808449302
109.52705744099018
152.9673116858022
115.3498459013306
94.44736212696314
231.0810946404486
142.5362898159571
87.20301765955551
190.58934603060592
132.7373640531914
140.26625865270165
127.78767505843362
150.48695565011855
116.47889832043225
246.89600503317416
174.26413914264083
124.66474747308051
128.55774028698522
156.8286737456672
129.63593887241456
99.75274227493612
262.453020869792
93.63037891992451
155.00262525121573
137.87855290292518
127.35341717719308
154.97199824509124
152.58004308359858
161.99873124164003
150.8901488063498
119.52522564339623
152.26506331439992
114.02091933822486
101.35536206517989
121.09985519285112
166.62685328011074
112.13012055567795
152.9282980586802
194.02163429030148
113.87058038717456
97.22997593543852
140.8236862249927
137.99110981596488
176.4509902164815
167.3621255315148
128.16105869670014
24.12225835954696
111.41958308607411
161.06564727889224
121.79642394838758
147.2798193143692
101.13027318479169
133.80039911011025
118.9526487008659
251.54137860822925
113.00934984216549
-16.39983493598281
136.19563056939788
81.28025362101265
130.7208951233804
146.6543837878072
168.7261897728054
168.18275291547806
129.39181763493295
105.21876769008652
182.11488280068593
113.83470362373737
128.24651019049568
154.57029482016426
15.949393139854052
28.870046779527932
122.16000466877317
258.5335628093635
91.14244867018533
140.9361395852534
151.63536451133317
-10.658188732339
239.6790887697632
111.78931422390573
210.378783663077
242.42567902167593
133.94716625603505
12.080509405448169
28.0164437658852
273.2594597860142
231.99502408372808
153.59294523630817
-5.134057606371954
210.97426482983798
156.21146728237497
261.0988363609535
161.61372682870677
153.42165862645342
151.47862736825283
280.4433027267982
234.34609694353836
124.40668092879496
114.5722970317718
22.619460310079404
267.73770286915925
117.5557216481471
260.0539228732187
168.1729995129122
114.97084895105986
6.586906273659025
156.75829715397708
121.03072033302931
253.65957872794132
221.31893002086426
139.95771359579285
81.82635502202376
174.54373893960218
250.98353668126913
121.10585374740978
256.8006031776104
232.5992554396828
12.415044141070759
236.97604694584277
263.85965539021674
3.421529137310074
207.31102272358316
253.15605386240873
142.43942685093796
286.4813460155061
3.567426392389322
233.571334347895
271.87866267569564
237.05800328441688
239.66832848258775
282.52596648702706
249.1709780390638
-16.851098698133896
-33.88562120861604
266.49248631322337
-19.323737057431345
260.307615043645
94.0113906261396
33.6258372012761
266.45401763218297
162.73777846815412
53.38032695746529
243.48564625918982
240.38353933545037
240.230187866017
247.27786608475316
14.823686378927277
231.24418771299077
228.34294979639333
212.8304527452084
162.80881262539694
39.31973039962578
-1.5894772503741308
17.473167741776024
14.2600911414238
-57.33606372396815
-63.75810997946144
231.41917792493842
46.61324271999024
248.79543469477437
-10.174065635575005
266.26752831138447
261.71966082321273
246.62607610333464
-11.833144769955595
286.79516008239773
-37.375736764107394
-20.610240419962665
220.8436871596068
129.14927175870008
265.39507966513827
150.8397058623034
157.5356270750816
258.8138992318021
272.12538050941055
256.73276675500495
-47.61158563271752
74.56366243378346
44.74121322427666
234.99588092957927
132.91531431274086
224.48583942247728
250.33542298903683
230.20318754747535
-38.39705532974479
-69.80477336841686
248.3024261757266
130.4389911547309
-49.50643732825414
107.83358589078128
278.89097646314355
0.6913341051149757
-6.213082967196797
-58.292910794433055
126.8264455102073
204.8312084289219
153.38496408972682
90.44034776560768
232.93136635724537
28.013364203380966
-9.476574453496639
117.08377915351781
261.9817131218974
244.24954195325566
237.93679419848021
269.2447657413085
222.02894224315492
239.35506297722623
233.16096056249043
213.70957069513207
36.063415166378284
247.65913584352666
212.59054706018128
212.75612863614026
233.1446035602562
47.4793203203982
253.62198168289805
-40.903744869825914
-41.5528053685248
160.23144080173373
-2.372315256108166
194.6610561549498
-8.672870771162309
1.460124650028476
276.3729591330418
-27.07962803114293
-11.720164844794866
222.39729854835144
250.04786919452738
-0.8314093556316919
27.769324844367247
-48.28616023156964
5.702068752302907
254.76117975429187
243.7213505445755
292.6103041771738
33.449020089704625
-5.7189821075618
234.5228315061859
244.08549123975587
302.80079990972064
-52.87614739682796
157.1681325025911
280.9293962512096
-1.5676911160187217
-12.946368338726245
234.39750546587828
256.4689977095645
196.61160158089706
261.2433766773089
211.10238476367613
233.15133087666715
2.644835315082851
-83.51988607883915
205.94917295681674
246.4926621706667
263.5659149863231
139.23482249168413
183.43530386631545
215.22492701065121
-6.158068108043906
222.81630336459943
205.51258601960876
11.581572075264638
224.86154963179368
74.88738069039604
-60.86000954854179
228.46403872270247
251.88640078465198
226.26197145776203
211.91350838804522
-21.010013015389404
285.84285503585807
212.60745459324426
-24.930635721943233
-37.120714909667214
250.22856443449268
213.48486340509697
-14.021980680387735
9.020813789268587
38.83904255861591
-29.921171210490257
43.30874151329203
0.16026897397599527
28.700403527076446
183.4934768909597
-9.64167621142613
-4.507829901331334
-64.95267121189379
20.27242302115628
-52.685578589321096
214.32373754613366
204.21174585400462
37.66713825400975
-5.236631224078195
259.48432960129185
-24.594466342554263
20.318256991259616
232.51236175227243
-24.47167283605112
240.94156960997287
213.2721118854617
19.73981979775931
270.2053251831839
26.12340430686838
207.6984718596471
-37.8223649585661
220.41606754612548
-18.154087433708654
-3.643508165612019
-21.8913025835531
-0.9689074104165627
22.07833564663852
215.26235521350299
-68.92706581205341
260.80875629663694
244.00296102105676
2.2765914705853163
-33.82944546356461
279.43975864017295
-9.74411560352349
-2.481890505725829
-42.52137753138469
280.5600949800121
-40.29915264537192
265.8851652601095
238.21090643135534
2.3228517169250296
34.842449317213934
213.55753263759482
215.67963553196432
277.2221678015665
257.8855310347917
212.0715795752821
62.961900726834294
-19.76868110198336
232.91562832855402
-6.594370434365942
-0.8910703013141159
21.370112084873426
216.30465310099203
267.92160917006777
-43.52430709271238
222.38173575567143
-29.76550848400008
36.78614669317855
-59.54730964612947
-28.272894189530533
236.68252386950877
230.84000127605577
4.634749653458925
28.564182219025994
-39.47532339441395
-54.498633274263774
-28.183463359314814
38.791620250004144
63.169859406792
236.41876751913117
-7.091541058102067
-11.516809641743748
288.9527707562917
204.15538627539408
-41.16286696791457
203.66708524312628
275.10509824286726
223.7085934465356
279.4337939699637
-44.84485027490105
-58.35100591850208
266.02100478453434
-4.983136196027232
251.87940305457158
234.64214911861686
221.47567829944066
-47.120891289719296
234.69452652336685
-60.90976206183546
219.66183877595282
-40.42784135132668
298.03656366074574
-30.74351770581901
254.20930532330289
272.00711819450413
-18.917227200977493
-173.54483130614432
272.1270751966293
248.64870614467313
229.47945301942835
-35.99714304096047
282.8552934840901
219.75765409410954
198.5088185348448
216.41321796990974
247.71365972754404
-29.296484640923296
-62.0999085368055
287.77773553204815
-9.5533740958914
214.31229833768575
242.20746081782784
196.04006707101078
219.82352606187948
-20.650776415654377
223.86146130314378
245.95989536862635
-29.99046687765008
6.320013711858053
13.965527603766745
230.58227776689068
21.272188239944512
200.6736815866213
-65.90556162161812
177.43864749145732
211.69111190802113
-76.24081330977079
276.3591690220282
-34.628853619528826
-1.1228075800709192
31.353731283139474
6.530762667256823
262.42959044733135
216.10909605338935
-92.44205526851492
233.2069730674545
265.3717285103926
216.69054972995997
-19.86751495059785
241.24173229661028
39.223715142574406
253.3629288752794
222.55756611550402
185.36871205038742
196.2820909076212
179.50054733760982
192.0175662071655
278.04495483995373
5.800575132413954
-14.15799057604444
-113.6296103087341
-33.66791211312858
237.0133744969666
-46.76622686482195
4.69482659868379
243.48474913157634
277.29024681415376
4.3290307026853725
4.704268718299289
-35.770221433999254
222.79228878267875
208.98453209756727
256.845757478957
-0.7465648165041472
23.379408123966066
-2.697670245022529
222.95931787761288
200.14968883924467
-42.28480209934615
55.10166637445663
255.07444556666042
61.75423076981079
211.3138543185851
257.4010043269491
-24.878195598444677
3.625473267141132
224.243432791765
314.7422041291279
39.486155288889925
255.15595946359807
248.01791241944574
213.55211987748666
233.84958607620166
-14.824896533097245
-63.27520827407537
-40.548021512092504
-55.58695722406321
236.99644548393758
-36.376968760574144
-43.45059942892661
247.3226363057239
225.74659771036002
238.53813500803977
251.299144937097
-28.908901947493774
198.07137548357755
251.81958204227232
255.23090598018624
276.8411659262932
276.28693303521777
12.599126243220368
232.52718913401105
264.3203474060384
239.8292774952483
-62.657600921075336
223.98136049143528
232.99660330106252
-35.66391055137542
64.94322194261156
254.1219406408179
202.64288457461004
2.9378968414860367
263.75573965906915
57.76478728438686
-45.85911982024675
234.84418263850588
-116.87487403882434
238.50759732551563
-21.08572051122998
220.31213711472338
191.7636666534184
250.5190089774356
252.96770204416362
224.9106275168375
286.1638962231071
-43.11682678215029
228.87777363514118
243.48561000833803
214.55401334575268
36.43413962192162
217.98026923851842
240.24703609581454
242.78383984852644
194.3235644028009
141.59509465023723
238.78506784450025
274.5236696020503
241.7326704618642
-28.31729915391999
270.228408907379
268.9724715661363
215.35434255924991
237.4601200696199
231.16654508059815
243.29433774594065
224.4800391015939
272.3901422955514
-37.96997782364538
257.3409032025995
240.7190216243418
205.36147589297863
-0.9830979881315471
263.63010446381617
258.68988969781685
237.84055810880199
217.98312830346197
273.4943872847254
-34.60966579841282
275.82824032540066
34.562469171224656
201.11771230058167
235.5045910094376
240.9694483769282
222.4655530848775
234.76662007845422
264.8130042789881
233.63859866728225
224.4723660430274
8.797734690612813
7.3208821472773735
231.25157253852763
258.69585645494413
17.38697221423699
-20.089361205615837
0.605356280379084
170.30210764474242
248.45336802342493
73.91257096147817
290.848610094606
-32.94680566997505
-11.837616600979004
212.71226142254056
228.7820076043296
202.34716907597937
-22.97531727720194
277.62823465656925
203.60464366447616
257.9754044357642
169.87607253140945
271.1366131762643
218.42738603204944
-19.682272871106434
305.89522734380444
228.12542253892445
298.6819949895873
59.62942885533849
225.74053346977638
-33.998455362532695
259.66019039623103
14.286254819390535
220.66788469202126
270.19316488373977
228.90602595550575
222.2925916467264
204.84205096135702
222.65168614826405
255.3907287767825
220.2201575665847
18.983605856413945
244.17618822338605
222.09080854689614
232.77622967282164
286.0275497003414
273.366852360851
242.87778964354317
262.04948534933305
239.41955456251486
241.24560832514652
286.091714122189
258.2000657608915
222.7605597520328
239.2780147466736
274.0476861388932
259.4441978981782
49.97842004104203
255.4303844762697
154.1416553612182
207.4806209559783
239.26461533210892
278.8048344236793
254.01597724676986
25.649677263220894
227.02201856139732
241.79003232742426
267.29745368790475
248.05801030052314
274.5593022997331
238.0997933088988
170.58193171292902
241.57855559874713
257.0147498656581
235.90855666990777
242.34367636151657
300.561762820669
280.2969203359853
226.38590235515
261.8880046707376
261.53382813556516
271.39567630382953
239.33539672901972
244.29611213351413
222.79828222017312
236.49696982930823
244.73520700643104
234.28093105654548
299.6878838416641
225.8579651922511