-133.06170578299478
-125.96326137706114
-196.8895298259083
-367.50873248397187
-98.07292302512721
-378.9046335158918
-416.97738543172034
-275.5397675818927
-275.52432707385304
-147.2920621697452
-199.81066500994217
-451.51018137834376
-198.04414257016145
-103.48062667544696
-546.2282502717946
-241.27670916546992
-322.6620953458439
-246.79796865791582
-337.9555588772324
37.877538984052876
-81.99480923870354
-315.77510267499224
-172.0021439699486
-161.84537884418341
-122.02207095096898
-212.97056605833208
-289.6194553531735
-114.9590512851049
-87.40167908999354
-141.05904698784872
-29.130157747826104
-257.7393503481095
-150.00496883962705
-103.17722675627094
-64.8685588113767
-552.500236072678
-143.02459265220216
-127.62580601527637
-119.80536061013458
-88.66455456380157
-395.5386003504865
-73.11792468611469
-285.4746491032097
-98.61156144380033
-111.92030207050358
-85.99995507606297
-232.09398499377934
-200.46990321978768
-204.81569050461815
-223.403654328539
-179.03730286983455
-27.741522477301967
-108.33620022923206
-148.81229670095615
-329.85962025526055
-196.53640825391352
-140.32016152090105
-112.57654633849586
-220.81773293367158
-52.67728021852261
-238.46577791695026
-113.13955397138832
-293.06200060992774
-241.58890019963562
-359.3360772366575
-92.39085774639383
-82.92135766378038
-132.36157740454436
-123.97737268298285
-196.90473528256615
-116.42406370693085
-99.32369100133454
-259.3631134857122
-96.91849118509332
-424.45636432252513
-470.4101079223634
-24.879916271608394
-369.9995110747206
-154.17584246299606
-133.35424000052654
-358.4678272943667
-146.08024150151647
-4.011413098377034
-179.64550910245853
-87.33756975703729
-215.66267317819182
-169.5183538726195
-427.2317059088449
-352.61872102574057
-106.21475101339263
-188.06771438285193
-385.74261791342906
-21.08126442627797
-258.0298700824597
-325.75417342330593
-110.5069592951204
-221.2067910571803
-86.7652047573305
-107.62486947929919
-187.6464232602582
-55.47038848016369
-251.93987067143902
-133.28601108410695
-173.58602456097157
-95.19554253226059
-386.36921344407597
-280.4011959621032
-94.74445641573823
-376.2695254129381
-274.69710436859566
-267.8332622713231
-31.104908812964624
-100.96566652360427
-415.3409014813665
-34.007445760613464
-37.42003837864067
-417.2457837824412
-302.47067906210486
-58.53004813150771
-331.35662364677546
-129.17634983129008
-140.07387716320463
-82.62497960781113
-11.278151400182907
-368.3324116372525
-375.46087770957666
-300.73037845723223
-102.44414204135963
-61.04172283653281
-180.381074510029
-70.57374582172724
22.84144608473882
-153.82161582564737
-228.75421353908388
-302.8771918443988
-332.01160001043036
-297.04157042422844
-38.23769146135287
-112.4682084779624
-63.500012848658606
-272.59708066488326
-165.54421337082408
-256.9660177264635
-267.70442411622025
-279.67209237330644
-139.92313196773264
-87.03161039352243
-79.71133001610279
-406.7542276605957
-123.8701677680149
-26.01559100449255
-343.26580590749387
-462.4162566627392
-272.1924726609017
-241.86294068197162
-242.57152129917534
-171.55192996644348
-310.80139652156754
-360.55787194341406
-99.32751986520815
20.47108049611211
-126.47102987861884
-232.5833030313412
-101.78897632852613
-107.66603756994486
-76.62441115979559
-172.22811217164937
-337.00734251812025
-32.42130110891706
-378.776419203199
-236.67685551653736
-69.03244449277936
-335.7693428000616
-262.4717964559975
-392.0949203667911
-280.4188425155663
-353.0943230731971
-250.6327380974829
-277.3936528891303
-254.73968532853957
-87.57762968610223
-103.1672321393638
-95.2409901638419
-54.574891507763596
-323.65327642881937
-106.73234219605851
-243.24782726087332
-230.61734945969485
-253.52098240825717
-309.4327704030612
-74.78920178688425
-198.29032442295124
-84.11437261139048
-299.2569588172833
-462.39538000061003
-212.0240659970953
-270.71242244974167
-347.7643189287392
-10.99161051284868
-234.23438150832004
-317.8994773405072
-71.23097965413587
-353.9500629995126
-282.0430999864848
-107.32096036603565
-247.49792360174752
-203.74964159312947
-223.22634674742937
-118.46369238421002
-483.50874980532444
-147.93990552938726
-176.0995332191643
-413.71056905531157
-234.7681643653144
-352.6431110437701
-160.64189120653833
-96.834446105294
-259.78886558225213
-87.89214256646036
-265.6197059006498
-408.69126064
-360.68940888725393
-169.49664529298792
-164.88534842797634
-374.46045784901526
-339.6148733940561
-312.74804461903454
-331.3082731152265
-158.42809797678095
-208.9525580031275
-194.40912452250177
-271.97079475009957
-467.61583525543983
-331.9018171009372
-233.11044549859915
-73.18130271469911
-279.5554960726995
-121.0680154662387
-49.71754669268152
-358.8354732450216
-190.72446106527394
-330.2828420523548
-119.73947129070686
-274.7606488682675
-275.2677769989266
-236.41556707118986
-206.44142793715943
-400.78081329731634
-56.58484657640883
-327.7334209829743
-116.09993226734368
-148.92548240997212
-92.30721150721143
-309.1091034790223
-326.37092387675585
-240.09321849000858
-446.43127443423225
-207.87970429445932
-132.63734047508416
-60.18714686310156
-138.13277517527044
-381.31439990477617
-269.536468282875
-398.0687378352633
-148.40435899346744
-352.6627320431314
-388.80232865909534
-71.72829988908421
-459.28649361053664
-343.48488687109705
-115.49377081045711
-475.25450666309365
-173.53794279075746
-228.38645866446842
-141.82679168818993
-289.5328105789047
-171.42638096042612
-355.7561059477163
-325.8963985527274
-71.6694528628865
-288.03673059722416
-246.80543845674208
-357.31681391577393
-75.8975205407582
-125.74501714699429
-124.32037824488407
-162.42419273286333
-341.950416698113
-304.8251879273733
-329.7196522498035
79.88649023424668
83.49018071816204
-64.70682438593319
-197.2042267113464
-110.49914724244923
-17.171494703029595
-248.06101170905671
-81.16552714377347
-189.92887085541093
-154.22800154110294
-296.78928689893667
-144.59379135353424
-36.41923838575118
-89.14536802397986
-116.84839608528948
-146.99495451958197
-361.85609251655484
-338.6319523781401
-312.74094900063517
-148.66936823640896
-228.04542788229102
-156.20136376240328
-185.54467363778366
4.5514936607296335
-63.58214011848764
-69.24937502851665
-150.69547478945643
-57.241826152223325
-37.39149869579347
-130.3546229650033
-177.9017271943518
-210.1100967645265
-138.44864318622803
-122.27868822430673
-256.16492819993164
-167.55628221566104
-345.85863535074157
-188.72586500890313
-384.2897308341979
-325.09784964662987
-203.77949401118838
-100.12832162159032
-287.6974177420665
-114.81618008737144
-72.06947377741625
-105.4413302131519
-205.35458875543733
-31.16710287602703
-209.53132028558662
-128.41005076241157
-56.96802380199382
-54.70285557983334
-116.5548828284686
-541.1297585121442
-111.74336240808508
-108.2930371890104
-97.14034420605427
-283.9260226653648
-53.46445700439394
-119.9434888558016
-243.94869715972712
-104.67061665586222
-110.47601873551447
-287.5292409646949
-43.246946885710585
-208.9386755747666
-210.69786810079563
-138.21734715829172
1.1335772141517992
-106.32119343080197
-178.31086485715286
-333.6492328435421
-213.8043430177315
-135.73376246297795
-118.89178293136212
-258.4605153316147
-116.41131595880083
-62.734031799090445
-67.98973613353037
-154.61215967231425
-42.3524728925528
-36.75527586516551
-37.951170425381505
-159.90714203234094
-337.8822992660066
-245.0084110309539
-45.41287074461796
-6.7066155933544
-172.965862781563
-283.67163955186834
-342.2665885694356
-247.4891545888559
-238.40163729185292
-150.2399786770705
-313.16917957418036
-40.44297167904408
-2.639261042924339
-137.9200639102769
-86.90565754024038
-352.8318206718751
-181.41115170830636
-123.51302109770074
-276.5471569663655
-249.03183037024792
-408.5213392518289
0.4973717813010978
-125.31059088826413
-253.13074325271762
-101.32609218815473
-408.1387271966902
-119.07799862860315
-281.4428405593004
-249.61035333263294
-100.59303871440781
-229.01842301235067
-111.05642553799314
-367.2337126239214
-328.1351286167636
-41.216768338183144
-120.26828312647183
-107.13788279919335
-318.52346958367093
-190.86270342228767
-2.6432201063065577
65.0619347004723
-92.45442444501003
-300.85390465346813
-53.39692160519442
-363.07634907229067
-157.78140621689312
-140.61244652172925
-271.85185763409913
-54.46284052271049
-229.5967185572997
-334.76800767250404
-138.4609955500095
-74.56249925156447
-65.02020391878344
-226.57868805840877
-337.48149517381256
-280.99781410589327
-338.6411086675431
-102.06749099831652
-505.45062455008366
-257.7405876850984
-158.5961805127387
-144.78286235881922
-386.9922276417605
-42.579582440796955
-312.5955646251366
-297.3973900767483
-334.09832419057943
-59.76755881452246
-202.15266761074827
-294.5782783925225
-110.14598223602299
-346.42074015259186
-500.6603239913547
-142.76384593023073
-148.90350554529493
-89.12842526945825
-155.68726624485583
-16.936715064338788
-392.8892453274839
-142.36310893196168
-180.33353657533945
-184.83510603428968
-146.06229747393513
-162.91761591230375
-206.7334939496164
-184.74933512989338
-59.90853951256504
-75.30056703600476
-94.88138526334964
-34.968568788262246
-253.45062459790316
-96.3801608876985
-101.14724543240382
-138.18092286453322
-122.41625746014091
-221.45037628829525
-182.64000336469724
-138.9533121458835
-82.68409618055368
-160.20214076922747
-146.89538185805293
-115.28484394760122
-76.46503574087511
-175.93451538105273
-227.76926012516032
-101.81045516940003
-74.78504710772636
-191.81031352531954
-91.97702887821272
-424.36674427870787
-299.20624428168105
-282.8613040890384
-152.74968354736887
-276.61268244818086
-362.1364624397441
-75.21475469903669
-412.21304108243663
-244.17356753862305
-40.074025585514974
-400.92506242629725
-200.5755195520768
-115.87773190081614
-305.01557778743177
-110.80120751335787
-252.66922931430517
-128.59202695145115
-194.34976130966163
-22.015013345083958
-116.00308734136462
-233.9494810527318
-375.6334082475487
-185.8677276932537
-268.60107970619174
-287.2273005948815
-197.2659104168585
-83.72697162513421
-97.92803371273914
-116.85839367006815
-116.28558790464052
-94.36403870988892
2.465824940929167
-688.5000736067313
-9.50015594655251
-205.92584286779038
-96.83148790500456
-184.37653787939607
-64.34414728467144
-171.33887103004136
10.166624606143486
-136.95300125677022
-163.66986353432685
3.3225433482059117
-130.40931413876632
-397.59904115327896
-239.4859598369575
-182.11087275914196
-202.21770797955918
-128.83380150652167
-218.85468415587297
-220.9606561344179
-132.13557225095568
-124.55737094277221
-227.80311359222975
-171.42227153005183
-93.17022369721371
-66.07401601266446
-69.7317086070768
-104.9911614509027
-120.52159350381957
-120.07552058126586
-164.15718359636048
-188.7875432354031
-76.8880070803252
38.37550348973147
-220.22895003243195
-61.338548429154955
-454.273261121602
-135.57058956288785
-43.85577097207202
-74.07023171645756
5.25984063115996
-48.46440540198145
-158.27883173307566
-369.6144385230568
-221.2129146404414
-60.88530993782954
-365.9222748213373
-59.133226132967565
-155.61028964427211
-88.11400346748542
-354.7860694213506
-79.46089960877865
-103.61795255143123
-310.91425189576506
-88.3135673972688
-307.43277433788376
-54.73442575364021
-116.13523353180011
-138.78932488844302
-306.50184761401704
-248.0535680806055
-205.4650008223335
-167.14123608289836
-149.1192952304648
-101.8771442303871
-289.65444244283015
-192.0153524437266
-52.88982258125016
-133.2242243283526
-450.12811725482163
-207.14885718367282
-159.64177438369492
-245.606970944736
-5.989806359928039
-146.144911397451
-339.16934291525865
-194.0036645851472
-277.94989019311123
-160.37182277723883
-51.643934660413784
-136.24394262282254
-97.70453429081
-68.92015484203617
-383.2445634521946
-99.29084524817007
-29.979306917555647
-261.3174126398103
-50.23790819519986
-184.7120530896184
-21.03925636063181
-289.3149856929326
-188.56483544292354
-219.3544597956274
-49.9735919429599
-143.39831463468553
-26.73589732220212
-240.75419921871094
-84.7138079509087
-162.22106522141772
-148.33371347288536
-139.48793756264712
-237.4653110072707
-8.808460888813002
-167.2757140084316
-281.1719190047361
-157.26418028955172
-152.9755501149365
-71.87147745430217
-166.0802555612049
-140.96365079839342
-122.44557548299684
-45.092381449860795
-201.14660520997373
-80.13448665174221
-90.49766923166483
-249.86234176282306
-292.6557539090783
-118.25447001109929
-133.2578140710819
-289.88547436509407
-53.12320638087611
-121.55139401504336
-147.47803647418206
-165.97423254135163
-42.01479131415748
-162.54400550025605
-281.95503055109657
-227.15663396395541
-69.30403175611065
-269.6930033388457
-359.89771223664235
-382.26706851959153
-127.22963879886794
-227.98922000271216
-77.15121737698516
-212.11796758060984
-128.1216221599502
-247.92300920233976
-47.75243861082038
-67.1127957339752
-296.01844722868987
-178.6138951393642
-337.22649183334136
-203.99186432519502
-42.50258697654206
-128.19303724955907
-130.57925994124636
-58.969219236432494
-78.28689507162312
-266.9687144822162
-347.68743611781963
-147.39224244502623
-168.5139362702206
-175.59147767740933
-432.45328444338503
-191.37778415157214
4.45149667544694
-381.04768274255173
-156.4783502063821
-258.151948940542
-51.971754617085125
-153.57974608193712
-136.31153704618634
-295.1809837705671
-50.13344361107704
-118.25784384614822
-196.50828913501698
-120.06050986121339
-82.92421755242694
-52.96447653200487
-166.4574654583517
-163.29765512447494
6.315353198430373
-333.1429080545145
-253.86968736291232
-42.96781666998045
-128.22204343601044
-161.15261760597048
-112.1547057229716
-236.888084837161
-344.84912243545534
15.766343184303793
-81.41699387570785
-232.09971628602918
-141.89152754449674
-121.63089423531044
-62.49147131918991
-228.49469947190713
-122.25920023155838
-110.4199572501894
-109.25452479855156
-296.7503789871122
-96.3008862385712
-367.95912301865656
-185.0354080680399
-112.47705273052603
-248.10594555582088
-79.12341575072709
-233.98833457516864
-200.2198965181095
-25.140993823731733
-119.9208963718855
-355.0575933915777
-99.21976187934071
-76.42455801126738
-244.95051167727803
-205.58196491957045
4.5598953513543705
-129.2431887025959
-255.384378174889
-242.3487510672411
-106.64735202078857
-234.88525528795967
9.161913136266023
-85.1073104194555
-179.62664793474627
-161.53136763605966
-153.2598076171359
-97.94622019218919
-372.5132050194209
-103.10401854311588
-4.346383788217068
-204.09727844273698
-79.17416033369165
-430.8574388543978
-182.8818619575736
-182.78451135755182
-351.8703203721694
-163.8756117994287
-145.42818739837682
-152.05831754801875
-213.78423041729593
-110.32134599825764
-120.9104101563199
-54.804992533092665
-166.09072180604784
-75.20179145731763
-48.72689778341825
-132.16625484699998
-60.39552372614874
-100.97356859112168
-63.80053986473985
-127.00899715621297
-152.13934233589833
-172.00252609986387
-85.59700995384338
-195.2873516017534
-278.5718324222627
-100.83353167754314
-392.24531789350334
-206.40541631261613
-64.89426686306173
-301.56063930721206
-165.07269154608892
-98.4378633200258
-52.67290234353697
-123.5973339964184
-260.1901937106129
-91.55008574777295
-348.5120933765773
-166.94921024653692
-244.54297771523954
-130.70433451185366
-34.92328847285242
-344.6591995206809
-280.3242984796543
-232.4582474783163
-287.90739761874966
-45.54777102270145
-219.2803873838942
-83.3879039402491
-48.84418714704943
-319.2123437295983
-162.98886214443039
-250.9484166530363
-410.3449657469574
-105.43725201472796
-325.8514409503088
-84.86824652127393
-186.1977517226959
-154.0964205453111
-80.13661544838357
-118.97439932811729
-74.56230765562502
-97.96575452050185
-69.69868319577085
-337.00499193768917
-110.89587788729375
-231.24906618914724
-93.50708927378982
-305.81465388575555
-345.7249890187511
-91.03092783841204
-194.28914642739784
-158.79728639722907
-32.463944344685544
-138.4056393602683
-315.57420066528476
-46.719264279346675
-83.14333856388751
-48.49404109532873
-222.8863839110695
-65.43683997816026
-311.8033546113119
-96.17923363497513
-236.3196741166706
-291.8639160606948
-181.99096903239376
-59.22461159301426
-188.82579941792505
-115.14967444138222
-237.64894041897864
-187.65564876492994
-273.2168162331915
-92.98233293476574
-518.262404071791
-56.38598124293715
-95.06079974035784
-205.42207369012385
-193.30977273787244
-133.9692327868346
-136.40115232451015
-135.67242560348132
-112.108630174262
-154.86622566994407
-77.36004006802213
-90.1293478096656
-45.351293978078616
-259.5786151864015
-85.79078163794814
-72.48893422802794
-120.33288161209727
-144.1125263890348
-123.76740460023426
-267.2120037876912
-276.007647753342
-43.23934879649566
-105.23303285322469
-210.9257193232387
-197.15005817721962
-264.5364393757537
-223.6187865950404
-307.2606231836302
-98.2937591117998
-131.61269244551931
-79.46100707438097
-379.0376326432112
-250.01918623169502
-125.83618427108735
-112.53439432000711
-92.19112217136629
-107.0776944928133
-86.23894658172199
-194.4166397666147
-150.92511231074252
-64.76860851697481
-88.42109018902096
-200.38432105429527
-96.53572643151124
-205.3278538690426
-56.207674735370844
-61.64990171971509
-171.1112452259472
-143.52210396469042
-349.389862154751
-105.07913829600368
-146.38323321853602
-195.4539738288492
-49.06835738891573
-106.31262952075372
-37.65714216039716
-134.45048776196333
-111.48857852642858
-28.660951936982286
-120.49613974192552
-108.55339615038024
-208.3358365954221
-95.07227684875355
-126.64531956741303
-58.736189649824325
-206.49926774279504
-61.64410775857919
-149.50260622309878
-146.20502341321077
-118.34411478073991
-121.9845492051877
-165.05731858428487
-89.66120205202222
-67.46020002286627
-108.68699307872593
-60.65807903848564
-249.69466712074674
-79.51684978335027
-264.80343477694623
-86.97245201125011
-80.97779193102109
-43.47819896216155
-119.22146366467669
-152.68044153843036
-120.19177866447573
-98.77172025985305
-154.53811837886906
-359.57561985608817
-62.295781323868965
-103.95839381040892
-49.96441605583672
-42.09901319676475
-109.25674147131592
-67.61424164628855
-79.09607193827094
-236.17431999073423
-161.92510928230092
-210.06894460164176
0.5106833851472601
-151.26953366030327
-36.68994721824787
-175.90109997427774
-252.56812440499564
-279.0276457521985
-125.19370682734984
-140.62485701957587
-72.6650065448066
-200.2107868009637
-149.5181328975878
-76.85189510287503
-104.24555526368374
-116.15325167028035
-120.75028237617711
-104.13353102947379
-123.21670489907983
-153.59037187955457
-206.3845677146091
-138.27133484643727
-226.08693212684807
-150.74911138783864
-246.6264667838367
-271.1072224789017
-190.36189945338026
-288.5840128146071
-218.58493271332281
-191.73398977616435
-167.84122552613943
-51.856711669876546
-72.2883800074141
-123.4847416575833
-9.391489359833884
-103.5192890608679
-161.33241898072083
-163.1828177126928
-77.35237977810144
-251.0866453797739
-125.92930331542858
-108.1835471206993
-42.907176935005566
-15.452256966998975
-157.25886756312443
-90.08794860189849
-232.67847811197464
-322.07460567625327
-237.93497895250266
-227.532207984487
-161.50771051415074
-46.5218536441749
-26.05470106298292
-137.32564520985284
-139.67758212060792
-87.26364968801049
-181.72458479631877
-104.95226919541447
-94.50184817736842
-114.28316617228619
-192.73076600665325
33.59127526983423
-81.17884591220314
-87.91194121703779
-150.51051687966202
-110.31395808935866
-126.65314304530312
-85.21631614118839
-39.05199551428232
-135.39354564729814
-101.19216306773052
-159.09758885453658
-87.89164021142405
-174.65720148313454
-142.54409736372378
-73.50478699468731
-44.89553425470042
-84.25587556019167
-311.83568572550575
-157.22433245121437
-315.2240939590247
-104.83946494598749
-73.57284917555597
-64.34198471792095
-181.64406062158872
-144.85955014064712
-142.46340034298447
-120.58340232679858
-207.69298987249294
-366.38351223181235
-85.97461490833018
-22.673100127165
-192.3866295462111
-126.34513997080872
-84.06145227318709
-114.35644365953517
-107.02645015909846
-229.10865984183025
-102.18214172471698
-295.00949743697686
-125.86405075420646
-97.47605855133611
-154.24049262927082
-98.03103812375613
-96.25959048544769
-115.51628823901349
-74.18392008755981
-110.66770814031334
-95.20917217597983
-118.79285348988414
-98.12177976011587
-51.99282369004025
-234.107107003587
-67.2642343047307
-194.06640502514466
-150.4051621658555
-192.48831660111364
-135.046270890898
-320.47259137263455
-57.88010682218932
-42.402133686520514
-108.32509210054403
2.1477347926581842
-121.17405329583892
-102.02642151622558
-155.19873537840243
-102.21206698602637
-117.26330875600621
-3.93100112589201
-148.9704571796475
-104.52576898931491
-38.625184041726
-56.59894926190911
-79.66632548254319
-183.29879209614595
-112.02370812585093
-173.9205055255324
-124.99747100976407
-150.20274480498014
-90.85066871326825
-30.314542351595605
-159.310603219677
-272.14919537344485
-161.277593516705
-213.22800402478262
-116.50929749628702
-68.91773085845644
-309.87734006712253
-159.47468117123861
6.951861765175352
-158.93908764956228
-74.69407290192183
-95.8436309562282
-92.25519454027113
-95.41813507083286
-167.31056820121552
-87.7801981916368
-135.59310286607382
-194.03428899917446
-112.56477200870341
-92.63376387982714
-80.1693115909249
-232.3996674371637
-151.32373071230148
-65.75305899575943
-133.30054381159445
-126.65871575809246
-78.6577330395175
-22.690007456641013
-116.25205094776484
-137.74201782577546
-1.9718638705491145
-153.00604870822085
-9.070894436669846
-249.37300267355954
-166.93812878998932
-189.5399635945808
-84.3336735472315
-101.12753530316803
-193.2939898915349
-370.76805580892074
-178.8709912111745
-166.15916690508095
-243.13831239013825
-62.33986949317341
-76.20579220666595
-168.3395364203954
-55.73197400267244
-169.18471903203167
-261.1681944915774
-203.97198700730388
-60.61523708317367
-232.18599668603864
-79.64926046004922
-14.97853022614764
-150.67633070291396
-150.7904973615315
-37.2540271117042
-72.05038081492557
-31.375093624745134
-212.70421802568856
-93.43547147185932
-7.598451516005966
-81.50073795356877
-72.51980899348055
-104.98875689254865
-126.64964667388597
-163.71284272290262
-149.77486886600036
-116.55098106773741
-250.34208456648395
-154.20037919935427
-240.05970290757625
-5.183141870494637
-346.85356517213233
-102.45755123983585
-71.0767926526133
-147.35653262100175
-71.97770384531063
-133.70209248523602
-94.92147517855416
-114.11971240445087
-196.26597761650186
-64.35724391071336
-125.88034758145164
-179.9811460511231
-107.48512792337566
-152.53992384606593
-135.84651307039766
-69.79716598166726
-111.10088803579245
-41.63536050428313
-207.30441712066522
-66.29219914568415
-86.22789569439915
-114.63585989346443
-387.6331260027383
-103.47040050257144
-163.9836556910173
-114.1429699394381
-128.33655786532407
-448.8520413775168
-316.3165855149649
-159.7797997191861
-27.417712063826222
-50.21491010293789
-95.5060997007488
-115.23644897884257
-257.0475163040234
-99.35491821804024
-77.63483379136113
-126.34142379274421
-82.37626822151861
-380.71346243634986
-99.38160397316634
-121.04850542508076
-229.90297712413408
-49.94772054494327
-84.40182997650246
-182.91139461730438
-236.77004259906454
-160.23018070817454
-170.5207875026447
-60.514892190185286
-145.38996364918856
-135.17329967459156
-120.08105513341928
-254.83234118516813
-162.15585428467637
-4.558390959402473
-157.69620461836035
-43.33669842824915
-261.6017684931369
-179.6990444979158
-216.89227421604878
-434.3013219062773
-71.78300934525494
-270.2278794863398
-53.597594382252666
-86.76245081163228
-189.13109091761697
-131.41386072454932
-84.3096061271671
-133.50220717427385
-45.44436294639989
-93.27101178804817
5.738849405161474
-109.7394543965978
-104.93801798535736
-79.29527775122003
-95.46399789705134
-67.15303963974807
-28.525184296533666
-390.3170316221708
-220.44587172553946
-138.80055514836155
-191.55723348839018
-101.34608277228806
-129.24995389531395
-316.6760968121846
-36.762695318103056
-223.27663758133667
-217.90540926960617
-35.618707228540714
-49.01406418735152
-138.86374858574672
-221.68754869204355
-108.75621696412917
-189.38269699444677
-331.5156675407818
-140.80123788090168
-47.8854692344993
-149.04086110766835
-236.6235549652696
-92.73890452818108
-55.92926919639574
-151.47272820809684
-183.5848668210552
-80.12095317832583
-221.23167254386544
-119.57045514992984
-92.41680104010044
-139.98773024090164
-153.64260243318773
-258.9954959947794
-65.66021766240718
-82.89286790678807
-90.43000564857118
-147.940584862256
-221.00330463850975
-238.4733139713695
-91.77071266864422
-95.21899854436916
-317.7225666232897
-171.7529318117102
-183.56472772264175
-227.47440267625257
-79.74468827743891
-229.75642833749606
-85.41685355381541
-140.35667709248034
-55.632595077168645
-162.74179227479448
-71.01488428713688
-113.38891008438355
-110.00953227586574
-80.30868061278647
-140.86590787391026
-161.84227083273473
-124.55014073207136
-159.0842437001457
-398.43202481548303
-113.90575393751601
-88.90825223697934
-121.79027920444946
-188.12081630279357
-189.9456295630796
-81.32650373449928
-62.57796057776427
-90.2687111688554
-82.99563917456004
-73.12429372694615
-76.09182369294511
-80.62268997542344
-128.82624504226567
-122.50168165535187
-125.2600463729809
-119.17652138163902
-103.19732332151068
-362.67694718238823
-133.45954788484346
-74.29430479835781
-79.60858395057998
-49.32077934868085
-108.24451818049663
-76.59545334443474
-192.2126255217581
-261.37740856152
-195.27274951072306
-133.14931935819573
-196.3991666897544
-103.94649140402741
-155.92940201306686
-98.70523391516448
-162.56908875268283
-17.93080210586706
-29.363972311374184
-101.16743326032903
-231.11416614302902
-170.77773253963207
-62.695628364851494
-139.16033530045615
-167.12109394226724
-133.47362699316923
-166.89445077636458
-213.18738776387937
-204.30200452340426
1.827435519689459
-91.20953355025003
-86.40263801590079
-69.34019894387981
-105.23089503972477
-77.23825932152715
-152.43551381476814
-410.8422711680304
-95.78228175848561
-328.1063467631136
-97.70073208596772
-105.90713857774423
-4.920876432987498
-152.00238744305636
-67.21955745860703
-101.98452378468468
-79.63647934801608
-263.7333185641297
-22.42528608628625
-94.74744145968948
-76.80478087611715
-216.56925898169874
-185.89288911343598
-191.7049600268072
-231.63244476353043
-82.90039971225205
-99.3843032196287
-67.42706037136463
-183.34389824814644
-133.23857955669718
-94.54375043469241
-17.76625244707982
-352.57072848630554
-104.1459368698601
-158.01816754119656
-100.07206889603368
-214.11915070757885
2.8202818806040284
-60.99146761339085
-193.00389458221423
-81.09385794136163
-71.04033790078645
-170.05464693826727
-91.86731064551374
-139.37440325816425
-95.01388635402296
-149.0670119711515
-328.30168021671295
-242.87956065147654
-91.38788554757579
-343.48943153237474
-187.10868960244025
-78.77338888737906
-62.66176912998134
-192.65753128028922
-152.91294208424836
-161.76899558458217
-45.06299740130852
-130.19186991851583
-121.84939352051873
-90.20304825279435
-101.04808077593864
-220.94781080623665
-184.70547593631355
-70.98531241099064
-182.82623528902718
-207.51833164754294
-190.7219978429033
-240.42078292181006
-93.98074078205403
-135.43633495789686
-144.70984634747413
-387.57570224120724
-123.59838517606819
-158.48518301896462
-89.28974347136919
-223.64985934628027
-39.301747385631685
-163.03369988759238
-111.46637457251752
-101.59007643277859
-81.8240472901706
-591.1003270012147
-148.0234564652133
-179.12494690058958
-234.4339888810647
-131.8879481012659
-185.97343453453178
-173.7364604301463
-107.59956484579976
-184.6658196000585
-161.56774598506132
-205.37826068836426
-174.25984247078662
-108.32417260967651
-52.162019458711406
-205.96416550055676
-76.53289372051901
-82.8218869205181
-71.76493617512669
-96.08477471207162
-134.42520056722302
-302.6661792881891
-390.72147015359604
-69.5285344678986
-179.81468505184236
-178.793334907445
-115.33505822658043
-72.69121673909001
-126.03535563523059
-25.759659438382883
-65.44053622264099
-202.0596342849484
-194.21467887121975
-134.5290025422513
-275.06211375070916
-165.2497388753264
-106.11976951429436
-137.9328659358563
-71.97295779517803
-209.16556440067643
-95.5107736661381
-143.44460688263723
-121.33938766287095
-212.55868966092208
-127.5888233166968
-99.9718906601609
-76.6742680144716
-109.58016056612911
7.466228858944042
-204.16047504857326
-127.60070339154794
-92.40652542734608
-223.68608781174396
-43.737107545634146
-62.85948799984784
-94.41618121727322
-69.15887067338
-50.270761158808234
-101.08398630509214
-93.52703382436559
-416.6685680348699
-225.1583489235617
-127.79870066927126
-424.39012772723953
-114.27798261362823
-111.26274680065913
-130.14676746438084
-154.89114177459896
-43.67014906883388
-219.14328645672737
-93.73531943269133
-149.3132163346399
-107.694599014612
-267.87349867532566
-84.58175166165054
-129.01314658939768
-85.08737133668762
-143.99443347109295
-79.12947389729366
-44.88417354708898
-155.33357255900802
-242.85506475409204
-222.27468456575184
-338.6406849176045
-86.86989774829671
-308.2218144082076
-76.1252293626009
-171.4003806098413
-153.20562107132446
-95.01612265497589
-172.75133806800625
-218.3068092760681
-203.90010088178946
-345.85004147900406
-80.98365582314989
7.387503429638841
-202.99059556251183
-85.20173247022264
-109.62564857624498
-157.07488815174196
-94.80406470263326
-78.72205696647528
-299.17128193538383
-112.6473086255389
-133.16759309871523
-72.26249914891736
-129.77347575586117
-213.740640653122
-107.16002995638958
-134.32050474861433
-23.451933852434564
-303.098309361787
-132.0783924215971
-164.80805988659174
-74.0651304828555
-258.27790047691667
-91.02080103523322
-93.34988621136567
-96.9987934824329
-205.21146316394154
-156.5285191313076
-353.92630286091196
-59.0802771992053
-114.86750147765542
-136.98181598798695
-99.61701702447306
-159.45734875795586
-305.2767050977342
-84.67332348934997
-50.24356787350522
-92.88392341855524
-115.8706058244739
-96.84905206030595
-227.83640654165941
-70.12336905831033
-44.70670169000556
-21.549908046269323
-61.624731487673216
-82.81262381500923
-111.33689804816677
-57.13755919427743
-86.12544801615071
-105.51580933497739
-119.76050723116211
-117.52367726182061
-110.61927050675982
-160.25549217135088
-86.32941521351624
-273.676389480828
-79.25504526643158
-284.08106532881595
-53.30382089157223
-108.71395385709606
-170.97618182299246
-199.19120217006974
-116.02235396179336
-274.6535687722726
-146.72808917003076
-73.11627724763915
-221.609772667432
-108.61327695128385
-92.07216350625346
-115.83420398766762
-165.30440378186293
-168.6235095278187
-130.12635701238304
-77.11794021864424
-226.32646856782372
-61.409306777714875
-209.3736789247912
-56.08524049626273
-277.35904924684047
-61.45244752932629
-52.65030175580507
-121.91236336907558
-101.7479711000438
25.006352277426075
-109.08342338005124
-91.73243105339597
-105.0242696235789
-108.56309454297478
-122.84596569145734
-135.6834702924951
-45.228937273874365
-147.04112607289778
-110.55710169258761
-136.3237803181531
-271.7944174693555
-104.30493116056222
-94.7133716704071
-148.43077402777246
-104.4876529652984
-225.86442784006482
-102.07937645904002
-117.56207296602209
-127.32546380220522
-156.9604766119338
-28.966840146884497
-42.59681511075854
-80.74243718191457
-142.14725879201404
-129.285344703287
-89.86272942679898
-88.13539051068997
-97.41736504082317
-151.9482307406197
-56.155791497896004
-48.43049766859374
-106.88931913248798
-112.38903446159094
-160.72592664247446
-75.45420716941524
-121.39398896250539
-125.41357141764904
-102.85700621552172
-30.878549704185062
-115.78340644991633
-63.772146382513846
-120.43442871034505
-236.42271642906513
-92.77562886669413
-80.71389346166896
-51.798933116230444
-79.65134034358852
-32.2407194211943
-64.38324473479906
-150.54261261475048
-0.16527197841570285
-155.25233732982758
-170.52020586802962
-90.35496521310573
-83.91862933269361
-55.43359315278721
-101.44682165478035
-122.08656889042572
-94.6237747091948
-101.77749616035284
-186.19887846098652
-47.32457943793651
-87.01079086478839
-62.05913659481223
-105.81311647136958
-126.91158183140314
-191.7768780503506
-123.41410787936954
17.420497473948885
-214.8662622600028
-131.5245088037968
-95.26621930900085
-187.11192953825832
-87.36022081604787
-196.33582697744677
-84.57122172517457
-100.27784102846041
-211.69958067648133
-60.56956583598051
-93.89015199838933
-101.28672763114139
-110.87594081010816
-76.64180529281977
-113.33753602313034
-65.67857116598876
-188.19469416088805
-199.78224723074254
-66.44866202636925
-157.26904299142018
-33.08659765634141
-163.12888868804734
-36.77129832042362
-150.48309396033864
-93.23884754737034
-97.32043280876047
-194.73758181699085
-53.767674383723985
-105.8266336409834
-75.37520488112247
10.412193521191725
-71.28779101898388
-118.35413536575949
-61.90163478362836
-29.76429763532202
-60.20607153291992
-254.32025567871136
-211.55417640241978
-68.39979309621586
-255.93447877774904
-30.210658832714486
-94.63685420507073
-52.64761068786764
-68.72861892150709
-85.64534093226293
-82.34779387653546
-99.79420039850164
-165.6975242898218
-74.6214818413251
-145.44296966554072
-102.95581149326799
-214.8934701578666
-156.36154863863428
-90.78941743162564
-124.57521300029318
-187.8440279670898
-65.28761777361072
-68.9173532216988
-69.18493547094631
-180.0058011904241
-46.98074064210175
-78.61754017200879
-180.23055921998065
-50.93562446589483
-339.0946335033993
-151.8278689557186
-74.75730807148686
-25.753823770292414
-228.45936117624535
-109.33222014042188
-69.35563925503165
-167.13002622638479
-109.68702236798111
-21.167848563534776
-91.64065553753544
-57.526911780441004
-151.19695489366745
-42.40583058898062
-60.639714293029954
-160.62641941511714
-111.92374291858339
-90.2470954384549
-43.60795741390166
-106.04028118507632
-80.1912358871716
-44.5992627561383
-75.05206382816132
-189.80544674944926
-89.99967725340102
-200.0153924868648
-143.04329520812252
-23.336326506566238
-38.40391537065177
-133.64661616444786
-88.42383135119482
46.405258786498074
-56.74465217427334
-75.37094017916446
-100.9743825566388
-97.78494690246912
-273.1620282068141
-113.01322101613367
-172.44846527639652
-82.94134131760451
-80.0045084489416
-78.17273319694907
-192.13688257501622
-69.19832794800553
-183.92958135719087
-87.75728048795864
-76.77430634685635
-154.00577236260162
-96.09914367143949
-111.86467688213341
-43.97809243034577
-183.3427386149121
-59.13775840068381
-170.1123948321225
-112.56645211586455
-142.0014041304829
-290.51919632357607
-77.47290263039392
-60.627684079544835
34.978215057959105
-92.09225594119245
-85.87940876287075
-128.68271291022916
-111.60969730634982
-67.70094758557796
-44.74207584621743
-144.87173148870565
-112.6529954865992
-38.269298059262454
-137.58929441419664
-45.33135623332218
-55.003381104240525
-203.52882146649335
-124.92111501556414
-66.97722218822302
-76.9145466979364
-98.19423869144998
-89.20041053152892
-87.88175331871165
-78.22465837995232
-68.83385220621429
-56.09026244474242
-116.54575030503909
-105.9751968084337
-27.291628435565656
-67.83465820878769
-106.10009394983639
-208.23042292110733
-68.42069158554494
-71.04681915924517
-44.257799766207604
-136.51775953428057
-210.3318893123919
-125.89457332386358
-111.24262960019345
-113.91177552444884
-137.836100427691
-24.081610986562083
-111.89920414919392
-123.23301045322657
-82.18130037052816
-212.10358144180418
-83.42072367943213
-110.21986912010763
-35.8805063948344
-66.4089471769492
-34.58534808070104
-118.00136433256317
-108.51283928278137
-63.41257285720309
-109.41334866215409
-120.0889964012663
-425.8519104306179
-99.39856348700194
2.3403230045008314
-61.53891288464133
-150.72358500382433
-113.43246751890044
-114.85609908092178
-100.87751343593621
-78.45297132960349
-126.70887518352889
-87.9407412749875
-242.86440160576487
-104.4679460355036
-18.721721078596932
-90.51723432443288
-186.70201495396282
-141.52837609332215
-95.25069260285481
-113.30254524385684
-75.25289167036627
-111.9732076153565
-219.2722113248094
-47.988877992758134
-102.68537670375193
-118.08113465763145
-187.31390777078929
-239.0128657311966
-109.437819782536
-193.8249123031202
-91.4347983499389
-139.91536968062124
-113.66191902603073
-148.35158346351946
-60.45187173926212
-112.96561059011864
-103.61245202455248
-85.78607651966205
-130.82758532797672
-246.60461844472272
-10.382110563061303
-58.62878581021422
-74.48137593754484
-104.08991660057401
-140.06236026937833
-106.8724855836287
-88.74250459252258
-130.37482465292373
-65.1916017757799
-56.24851517419128
-92.95251569957024
-76.02013507303147
-275.5301653294108
-188.0759932022948
-75.63819965187386
-86.87202354440333
-64.3183388079687
-197.47211531355018
-56.81428067542093
-104.50561753267364
-106.60976655241033
-100.26645454164935
-117.74291252730055
-67.56464771816313
-96.31422227291888
-118.81818511159025
-29.157403227525307
-75.94879592345842
-44.90090623222166
-215.5184694273571
-171.64929898752519
-26.682245155684097
-92.54862622782214
-159.5956128895
-67.0806529315253
-59.9845274772913
-153.30374053012414
-56.691883303936265
-119.18882314977719
-171.99464362069176
-71.86722752033364
-77.22923279690345
-151.68780807343052
-69.3122698511106
-84.19716792013384
-38.541921293135786
-137.62755092641981
-183.81143009289988
-62.60199661555882
-79.38647169859536
-112.76809923543173
-83.90149772486784
-88.44559029651568
-207.83467626333982
-133.34224987605882
-58.34738657630734
-64.43589040163246
-131.98142162353236
-65.35714246560806
-35.373245468663534
-113.01146364686053
-89.94295608527293
-236.9923358048787
-96.65043909267861
-69.2220348399388
-87.80707748045742
-106.4147111120983
-123.178022911753
-121.9476216107025
-205.5270727703766
-67.17185908584725
-68.14055809461259
-69.67661215347368
-162.70502293251099
-50.28671879824414
-29.687507112219805
-8.135223958376528
-70.2155104022369
-58.5272249150689
-63.00448806494473
-79.67311070574489
-107.43917233339104
-110.11182691126352
-96.90298273735651
-99.03096686925636
-54.417242914080646
-109.13433721769003
-20.48574167584755
-184.79020885470464
-55.252700625698665
-67.42007877037898
-10.724888000572918
-66.9868810008272
-2.361396547365999
-145.88313010624657
-41.71862731958518
-134.69125077607686
-116.9110058781082
-233.8036198025062
-119.5239753708931
-245.55866982948098
-119.34547182865921
-107.92992944768116
-103.89887909216418
-72.31095939247842
-224.34818118803048
-238.72890730810457
-87.02189295203141
-80.02449202438137
8.422896206318015
-78.49858592423806
-63.54619348874917
-153.21310595023394
-89.63396764245462
-178.80922163727809
-62.74782073925776
-169.419945043067
-88.7538220736528
-215.74044561118492
-112.77139129880186
-57.52161059013724
-126.3490318589785
-93.9106221323082
-46.86356136516777
-120.4122977417533
-54.456470448094464
-94.52160718307394
-65.95298103583531
-60.859301925889014
-80.31154702596716
-63.497632521868944
-107.65961809105424
-85.37002347442073
-129.01858372137124
-139.63145941538593
-192.14251343125835
-54.40608687074841
-123.15114459580377
-45.60512741768323
-196.9930930258464
-200.6697847851149
-259.48194996789704
-75.02338692515998
-86.8762755074085
-91.99998338329401
-102.25237767947576
-69.09226973872973
-96.91070857159838
-156.73826941978308
-120.82408190828787
-2.3901301215646313
-52.54848650640177
-45.52247071201503
-101.94131693780088
-51.94620269318263
-121.74063524562406
-95.74290865434632
-80.57235535576882
-121.94388881453467
-37.51969901032933
-69.77165428479964
-101.95256566310808
-41.480492095360326
-213.6815597207872
-51.07382841769375
-82.14887233575476
-96.77414194395229
-119.96511215974616
-55.9319394110523
-89.7152443880058
-168.5011328179992
-275.9680604382928
-253.79354153454904
-95.33221329932468
-158.72937689942427
-24.81853042664403
-225.04843072758047
-126.56688904670008
-111.01138916522692
-91.46700982263896
-70.98312635429383
-151.7822082861528
-42.34695354648177
-78.66733941588794
-28.41212137115633
-76.64955670241665
-105.14395368823068
-85.03699359472094
-89.49512412825152
-141.51877272636523
-291.9194371877342
-114.1337523931893
-99.89075382403067
-160.93454336930358
-160.4804029002737
-28.765827805954274
-90.30322359102686
-85.01670146016777
-141.72262806478844
-134.9402656643343
-123.1634223618162
-92.94879747241076
-128.70962912607757
-163.83196992759176
-177.27797998936464
-34.841999501945736
-128.6759604758818
-26.79437353848461
-82.185087280502
-50.037307666539945
-112.25327134809943
-86.6069493633507
-46.920629068943825
-158.23743931901333
-95.37262949552488
-138.4844941570252
-125.14654821545614
-46.71786874568594
-28.383487355883616
-61.7132129705566
-70.76068826124883
-162.97993865804267
-94.74680787082126
-55.815772847595916
-97.56759098937579
-90.8664874062331
-294.69016738920425
-145.1589637543998
-48.932789091401574
-132.397190611802
-113.5776256320425
-51.57665126701776
-117.20969664881147
-77.26006036684092
-141.65634751368282
-124.97794644176119
-111.53933824113163
-61.0634592519868
-59.73246973549733
-98.17903575364531
-80.82663708241509
-52.780029220496026
-88.49262682818447
-57.82359309593064
-179.32631869194188
-69.09452314974521
-105.47108437522556
-131.30673276166522
-97.58473257129207
-121.63945893343455
-215.68354105672822
-73.85218146367816
-74.64467112008825
-120.42034299987624
-135.42710632013598
-34.02444674407177
-61.006720760175966
-81.21280807113843
-94.07949793067334
-75.20880758217031
-137.95829001635946
-89.09503648174156
-55.729600802570985
-35.96419505911207
-73.33506390638348
-27.91633437569226
-82.63577061279817
-98.57031779418563
-32.4232480788407
-105.579658013881
-51.64577108494997
-148.49489730102363
-44.512607321338685
-69.27898908296672
-56.23300740304222
-98.37132714006108
-124.65651711088351
-100.36731791592688
-66.68801287628465
-201.34335792062924
-52.776177788882336
-226.59848260974826
-16.43581428790276
34.234888340083025
-52.1389562663195
-81.34347374641652
-16.55427666879649
-31.84848426394889
-112.02700699287955
-91.08708478429335
-111.93286038097196
-96.32194516485589
-53.01640231494258
-190.58200952636318
-26.24957346419731
-149.69440520390523
-124.90203679455728
-88.6825725300243
-53.314360069384065
-141.30053178738493
-154.78428098805927
-147.25341499190108
-115.25459515451524
-167.21931439886862
-149.08506218153678
-180.10489293341877
-145.5686454240613
-77.62093616065508
-43.750884638686244
-112.10667579000462
-131.2339140180286
-62.194979923152005
-134.97339070460384
-2.372153521011768
-110.8267303370907
-147.03882480497967
-18.96688930561602
-153.92615659742432
-86.62936362224156
-175.7530022324196
-41.60747004735272
-17.24819610906043
-54.55721449361287
-63.55889954484285
-39.044948513644215
-154.3637046669465
-54.562510624012944
-12.51899721158513
-68.37708987694438
-151.47070498582872
-219.60119315660978
-144.25778471649846
-54.87715061547
-189.82251106098215
-71.74885723427911
-54.53579508022119
-155.8566852814552
-93.03277997040695
-62.84188328465268
-71.7553851797233
-136.19740282205174
-134.01879268617154
-155.78388157595208
-154.078378792327
-46.83203873367056
-41.2902764540743
4.91268193657006
-110.19998707474443
-60.86297672382426
-112.45768820810935
-50.39004618353496
-115.01890206883765
-115.25915728421722
-53.26217239920922
-81.3564352861185
-285.44398703493744
-122.03994869905748
1.3473140179871166
-159.37273880531862
-73.18681739167828
-83.51797436804868
-85.9182100977182
-107.1683549824374
-62.291582437814974
-74.79178427534578
-72.76525139042758
-126.9390657657822
-104.53787012117952
-128.25018815188372
-52.33634309730956
-70.20236233537064
-130.1947045739267
-183.8491866355996
-68.083930153909
-81.17875368162355
-43.74228938976916
-275.06843130698087
-116.70752301296842
-97.18188849980524
-80.62331543805206
-63.99389910586713
-58.29397362185705
-120.51578344091115
-62.42729096440256
-58.651164464076906
-66.21357633083916
-28.543771550246078
-42.02368557263091
-76.47038032842462
-73.28318200906115
-138.45546477323745
-95.33453120813343
-35.29250491323833
-40.120913894144664
-212.62001593953528
-66.63126574233952
-142.69113668174765
-4.937540131826921
-141.7731804967722
-264.05911597137003
-111.59753330734218
-171.92369351080046
-122.27619065244633
-13.193413939856143
-72.78497029661003
-73.51142225004924
-114.01013569756068
-69.62596584682873
-32.795984362970856
-84.31111789117256
-119.02725101758708
-28.004352867576742
-145.2573169750211
-91.9251471089327
-45.72040717796058
-106.26418012461264
-109.153615559615
-85.3152661132098
-146.8576978937321
-54.70254916780985
-118.44060128392056
-37.76447634659759
-145.00451510989367
-34.73016960767325
-84.44254445737838
-36.88368078282522
-61.826938778706044
-111.03604406614483
-65.96156857690576
-40.75347817453251
-46.434081345050146
-124.56237565112467
-146.97653886406988
-176.008662948791
-133.70366430631898
-94.55830373973308
-109.5467631872527
-137.10509708878874
-24.96751694335751
-85.85623989073382
-51.72035623244456
-88.58063163093856
-71.4927854987931
-100.476369285548
-53.5225718591487
-31.961797456046426
-48.847832859711886
-39.66916668606024
-150.8401587738444
-66.5575254081913
-181.5235594720575
-98.48290196204549
-61.33604746068186
-98.35091030577804
-85.03244124627298
-135.7310012201483
-91.74959200005154
-37.02667738313566
-57.1072747906761
-52.7511638598536
22.255598228766488
-121.32586959475681
-71.22592365254117
-145.92825398696596
-69.42385569219726
-51.070565798725454
-95.22267634435396
-96.90315264602482
-87.62696486094006
-86.73880694979603
-44.38943449406456
-138.63468954842656
-65.18912949979443
-139.28222730397584
-120.53379694981982
-129.51026096136775
-116.94523364385131
-88.05791681374558
-63.693825873137634
-104.71839739625995
-28.05961839358484
-162.8416383135946
-88.06298175577169
-131.4079863249097
-147.887251637837
-38.47918846099314
-68.76171042562729
-224.02437491693962
-0.09747279437470979
-141.33347589026133
-10.271640215738458
-94.76839693351096
-239.19480964910056
-10.085730422770965
-111.63325267336528
-73.86814351954405
-40.28268823658716
-50.56673843843224
-33.22894415982475
-69.20562391937987
-59.44490494187034
-89.60546398842666
-93.69271230986556
-136.87644575509813
-141.47825009488503
-100.45711916886295
-71.24380319541338
-171.6430900131983
-63.880159248631855
-15.112985492301533
-98.74546161260604
-76.6559460843059
-56.87073421069755
-32.56985322110421
-245.19679483481937
-53.75704892446327
-58.591670645070245
-88.06460307054442
-98.86615013052912
-43.982639591018454
-75.77744087769648
-52.16149796045265
-36.279490352527
-40.2078478025014
-67.88157323848928
-58.37038080131144
-45.92871843131975
-140.56759537421007
3.2443855262092285
-75.47553730452401
-48.08492453358757
-13.231971292219157
-88.37808005359923
-294.11965329862994
-115.79394217777904
-35.086325258032886
-167.75749930986325
-56.55854555624381
-245.99468614046677
-222.91050228217534
-51.77648746016591
-104.44350489358737
-36.559143023767476
-165.60683129512688
-151.97802154373068
-75.51380137985004
-32.5930607541025
-91.01405583337308
-21.0535805281433
-134.96492954685078
-6.215296906097564
-108.03757086718313
-127.42336762150794
-174.01235654305196
-181.34927368288808
-120.0326119572562
-60.72303316797822
-41.55495853600107
-168.15337146584085
-79.23545238180179
-55.44277090011675
-73.82536333970816
-57.137037257571734
-26.179515646873924
-83.05686128442997
-20.963384428608123
-151.7466465977321
-203.22185821177504
-156.0044162084891
-44.44082407819119
-25.238603901045423
-1.3148183256473658
-26.56978153376204
-75.00368212969855
-150.52443548134278
-204.44478007438477
-69.15833012925967
11.230567765562395
-62.74705568185576
-137.72090477552035
-37.694731445010554
-29.750260808388106
-19.769054402277547
-61.16010926957505
-62.632717905023014
-68.26221404852102
-30.26076788192485
-181.34473694149787
-12.560446840097953
-143.40610529354538
-58.30410140815174
-103.48248449783307
-81.4363238700132
-65.69532151681392
-96.5280330778782
-99.14294002362017
4.690709862853847
-45.22560646894463
-198.29774778810648
0.7513214104241897
-20.68140096820732
-89.21649417294533
-62.234086531525755
-92.95713237638434
-54.147551966945045
-52.23606942351604
-39.76877195295194
-19.73797616880571
-26.88573804039144
-123.26311222216457
-21.770601805482578
-98.62910632826268
-164.8458581038594
-248.78900804244077
-57.23264209809523
-38.066211736133425
-72.87983506566971
-99.93672173637958
-56.76911436749511
-57.34696603452865
-29.234855617414155
-168.918120495539
-51.2438107572222
-109.6048370179719
-87.68367094558961
-63.260175909499495
-105.73928624797605
-82.4135432089208
-53.161052080284946
-29.343803753118436
-56.18917466024293
-86.8336582700359
-35.22474678534417
-55.30904307395956
-98.15197221830762
-244.83765301476933
-69.76192781653074
-99.32068181445783
-70.9808683432997
-5.648488762077832
-52.84391822072807
-79.8516734135065
-67.52864014011683
-47.162116630182766
-101.6398344955661
-123.97454533630483
-63.144823761042666
-106.89679390114473
-3.1566574767755213
2.921879171191719
-8.393141679119363
-19.5168392121427
-102.85229255555485
-144.72556014303126
-133.16011720716082
-56.91179617547207
6.873938509254799
-87.53568864617385
-61.563206477902234
-26.25945333341128
-74.84493360716884
-13.508841850606355
45.47470352709669
-111.1779932423383
-52.805468507960214
-100.07063796363032
-115.88814468147663
-34.08801421592281
-115.89748080738167
-133.53118566893113
-44.35395972612443
-13.339687800626166
-94.26974241884255
-40.03268309293182
-151.58304570945376
-63.43231742245506
-90.8923580445785
-137.5150342261062
-51.45339796664542
-96.71743873922955
-16.094059517168304
-75.57182157548266
-63.58549176452799
29.817689664273413
-67.54214438455736
-26.902716403783693
-39.95549453406732
-13.982284069291069
-53.54321911757191
38.41712662022049
12.303931492988466
-25.88414795855114
-22.26342666670564
-34.34009548940607
-19.270828293252862
-55.24401223630482
-83.55829364402564
-113.28591377658233
-80.8155912260328
-21.434050624922207
-84.84044791188515
-78.33847626315546
-29.06369314502396
-13.518581197692413
-4.9824585963118295
-8.299305402268004
-34.54197856594704
-34.27995886847525
-108.63896515848501
-97.70522024721367
4.839837005479069
-33.37778628204711
-132.52590726896608
-140.4186455261654
-36.16212563494034
45.08399040776439
-24.58871661343809
-190.09672450599757
-90.38073822582841
-115.60351949640244
-38.73609983258308
-57.760372178965724
1.9322617972275822
-88.09576502276141
-218.56177998930656
-82.34450666957952
-103.47457392925581
-168.39934817832733
-14.611861812300756
-7.041968908919799
-7.858421095302063
-133.3133345937917
20.268198559070996
-30.39478858771947
-37.72838941578178
-28.85516386487518
-165.8004796377474
-67.8743869030198
-136.25344107488638
-31.14125279164336
-132.8669325462553
-74.04235107233148
-87.19471038907183
-5.962421851428843
-21.59578529823091
-91.92501147379062
1.7072173405488797
-68.85567098328556
-42.310105788474004
-85.34013388512484
-13.621727111262118
10.664170928196857
-90.12751871517514
18.83492130896289
-92.65560217497315
-35.62524774734406
-89.90686782038422
-70.55018208841396
-50.7516186881313
-75.20067921104858
71.07139817418614
-38.897159998790634
-22.994962986894866
-130.7832537190678
1.6183929830396124
17.89017869552255
-31.3417437186566
-42.821030069625586
-169.64714937343012
-56.21558282524144
60.486608568568656
-52.94373447295011
-62.597562263244676
-1.0218965412937706
-48.590289890051196
-36.098324016091475
2.140742646039973
-42.38384660706028
-41.26121150690721
-33.568638505386375
24.638461849632193
-197.91570883473412
-102.29347790992617
4.477321597070912
-60.29825186818985
-52.45234437081453
-78.3299120476509
-114.59425521291821
-3.577975717510583
-16.90604212680517
-90.82946905774607
-87.09232073961374
-39.19040241142231
-23.61864635916602
-24.181978176992175
-89.84069246428474
-116.937672332976
-55.82121445123426
8.964266656852018
-3.4524066633760953
-31.717013029901096
-69.34315998366307
-31.34945873759652
-68.65808630520297
-137.24565741163946
-81.19864543488205
30.728872500611363
-85.62914234184194
-210.05563718012547
-48.64950035026242
-20.66444359234228
20.128145800628413
-29.30604525803608
12.768113557175965
16.81810100531733
-126.8047076691989
-42.095962673833654
-23.729171059298757
-28.124843735412103
-5.203460388806846
33.4744171918706
-194.86866887768662
-87.53598543231165
-116.81101476342303
-7.249670761274302
31.32750258197929
-41.35883840730283
-20.49122327824668
-119.93474078398586
-127.54096295490255
19.827546243212787
-71.98628974579324
11.735434096879246
-203.61198001339983
15.625822554490327
-25.90130760115106
-56.040978169412924
15.844380976586564
-119.65355000520098
-6.825564874040921
-121.08894442565924
-3.0705613425231775
-69.61870342762201
-142.95858049562887
-48.975379749027695
-129.6113701090357
-26.332727593603742
-132.74718362115325
-69.47404233195446
-61.43898987467808
18.108662467272417
-134.0434993912217
16.047920264575872
31.101260360165877
-37.210865430918986
2.2900463488781213
-92.50226608573337
-52.49048561190281
-93.7066786753894
-4.518008973423349
3.4738652418072
-44.966236569504204
-76.12845913019012
-129.80508814299515
16.30733088494134
-106.15761414663741
-65.73937800114774
-10.017644833122915
-68.65015912773235
8.35178669376134
-113.40819403414406
16.986822908377718
-238.4418160569829
-39.35022204495179
4.360234371824248
-24.91531723763091
11.349694233517681
-34.73555676058448
-78.13423257552009
3.7148612196949813
-144.45455557730867
-41.12236478440825
0.2902578469171715
-39.801782084674
-156.8813482147184
-8.25629431629416
-54.86406791849599
-15.232382961003708
-144.4887760271938
30.952998780461797
-157.18061971760773
-7.61040682335938
-4.64460635782028
-102.10852006659593
-16.644565655475375
6.898017478394706
-24.272390217545336
9.093368237957094
-21.146125425387297
-111.66633295219863
18.38376756967527
-4.0050120689752475
42.817826451128795
-11.35193632618379
37.47247722555417
57.991762796458005
-115.92332052133611
-116.95768675748286
-55.62989717925284
-147.86264070887603
6.993038831722661
3.7238764738296766
-58.67532600345518
-23.171540096284065
6.777238599182226
-30.970662638718714
32.754925480880495
19.90351650974577
3.6179561893373915
16.834833958941218
-29.826134155924745
16.517129687403585
-65.04753729965137
-51.310866663195945
-126.51599515755775
34.74111632161616
-10.562135456497728
-74.84551381607976
-80.00281887368487
-13.867744175150136
-151.9227563305903
-11.486675822046042
-118.62772220932759
-14.19750650226144
22.237303849617987
-12.925603692505852
-12.063286626330324
-101.03980792655729
-103.2791978781731
6.171349529799244
-29.07971661930216
-69.31264282351998
6.834485069130741
-314.7943041595206
-7.5797514994068536
-23.545006291811262
-58.684700022560136
-43.18751929734392
-181.21541821911518
-139.6066256571186
-39.70092128063786
-121.1628406379946
-165.74816066459783
54.412326453608976
-47.521487768828734
-4.258814230637196
-58.207468761823165
-123.63729569440149
90.45604954997478
28.257526833152795
33.7654054244923
-96.92945978621312
-82.75375925223653
-14.166208711772157
18.048270080330603
-157.64301870898683
-103.3587774130573
17.992588957259443
91.99445865590428
0.8962962723699253
-198.33142692011614
-119.53247903933222
-135.91175808230716
-115.42942385249022
-281.1332074770205
41.77886500677127
24.911481492744116
35.93023760532935
-10.387116017939562
16.698708858848043
-98.57032472046579
-30.107114133400174
-22.93442611987473
53.76372438372729
-50.31078815806835
-52.1016189812423
33.80520051340609
-30.487711912537556
-72.47671637246512
-114.68275265942738
58.01377301568874
-16.100354404901573
-90.0738385200957
29.45343554393753
-196.755288773547
-91.05051198320774
-114.8666383526548
20.547873414503403
-135.72231813982916
-144.0834692642296
-9.415557410572042
13.227887287545068
30.036435767899412
-73.59528477793256
-35.31030554641377
1.8363453678565236
-119.94175481882888
25.169872034994498
-86.91663807268498
-15.831618368041982
-187.65092313193426
28.646563278370323
-178.29541029402628
-19.443325366578563
-155.91916329680947
21.810728809505775
-110.82276621258649
-42.754615426116416
-84.18700689350203
-105.45114079010696
-65.48126253761873
-39.88344665795933
-140.97687406359609
62.57877951666889
-163.58051535288416
-17.75485586563216
-170.6977995947072
-270.39083600467245
64.87361982738707
-74.9034984760428
-45.90243659841872
8.890360897278505
7.915207495264653
-3.0641342624370314
-54.31703967239932
94.41863301531944
-207.10780943126213
-242.46337671271678
-156.19238028852138
-22.870339552429872
-255.0402359207584
-180.7338116089231
-18.359922132397678
74.87689054337457
26.171369686161036
-31.404684209823184
-161.45501622028408
-46.94414004068039
-27.539822508144532
39.89856499154918
-27.81166773566865
45.53723605841077
-211.35799333259456
-4.566334460960491
-242.91795984302152
8.018711962935654
-177.06382084003485
-85.14113819857454
-134.49381781422488
65.60690790632958
-168.8417099582305
-79.3267568516124
51.85910924336842
11.89143371477509
-137.64563693677525
16.581566991069124
68.0267971358276
-266.85773018700576
-9.905553261083938
-106.10363784683034
-157.37575894427098
26.129983996824663
89.74835631852122
-160.05677753095875
-115.76059095214231
-125.10861756450467
-73.27761494469945
-60.33079852764911
-124.12241814579046
-181.1020502316179
17.456730991664756
44.6632204644961
52.392459794813576
-126.67633761198884
74.21213088711019
-1.5892378666909366
-64.144547744171
-122.71419988106913
-181.46111286317586
-312.77439632696377
-39.46915866333645
-52.176232558797196
-159.9745858523027
-41.78331500957443
6.300807446431833
-235.8237941058249
-278.83910161657855
26.377412681722447
-10.13080831079543
-127.66775797545547
-60.44645621675784
-6.1988934221836445
-144.01711285340522
50.64664292074476
18.652067713888968
-25.125734377860965
-419.81282258024663
-295.10177768142984
-0.5295674904201633
-24.17319423594413
-33.723073529766054
-27.12309349529258
-15.702192157273174
-12.668312329600077
51.76060329055727
-98.00412283498838
-2.1063972251733816
-237.00998297710223
-40.43613140370206
75.62729394681436
55.52054605854825
-4.182178297852971
-16.59593101244589
-24.223417026001954
-149.15342629703434
-40.26503450041248
-123.81160816485075
22.394376324284025
-316.1093021738075
-67.42993076899074
-24.192066520642797
-137.88349037191534
-270.41815906403616
-163.275078205384
-126.06620413037761
-26.72139616117319
-161.93709163515973
-34.75860680506139
-108.85195223840375
-72.15590426211344
-139.2664955727699
-132.53981496172798
-110.03784078080588
-10.808402854325465
60.20306967367456
34.1034159971713
20.93745118209283
23.33989004124399
-29.279996825623243
-71.43106984523118
10.282263010007696
-187.72460558615268
11.138509388255528
-30.508911772467087
4.510431225440897
54.4770572154472
8.992363252003184
-116.58543259948367
-48.84247612540958
28.761939854236005
26.63616727861843
24.59734767750617
-41.64426781550242
-10.350245945280918
-121.73377244345221
-10.061139092781502
7.831180146226657
-33.682078687979455
-25.384943791778866
-38.465979456108315
41.625929331073195
-74.48694935618568
11.004542199348045
-7.079670983008427
89.52746577864474
-57.242097302808304
-87.58219184950421
-81.51010050015859
-9.018022818842766
-49.53110054351105
-22.761380164230907
-44.47391852399346
40.99303635317622
-164.33580557680506
-24.216465162239984
26.748144730662002
-6.596789344129768
13.58514987458814
-10.206398846731108
-21.390817522017784
27.756969746784435
-17.659357200679246
-90.31087712873664
59.0872232981452
-87.4886411881021
-32.233773572856954
-30.305183328192314
-22.80338895353168
67.69950307835961
-27.83682819528744
-58.51013838025746
-189.9422023455591
24.049079656720735
20.868908430315898
-111.1076100120984
-25.8538234378225
-156.16176124127992
66.8937135433995
12.780304579312714
4.833840807166268
19.23020450849068
-48.41176913268475
55.82196738936574
82.87407849183491
45.76621124081343
30.876201438944307
-43.98273042061962
-84.60056146932247
-17.118170586867883
-138.38379890693483
48.305738299282524
107.85525479165523
3.5876830802506277
-144.15616865199743
26.469816699717626
-157.6678882944459
3.614369012196647
9.86207184588136
37.82022587584666
29.493683180165696
-150.0666995722832
-129.0866680253935
28.463756399504355
-16.691523433816116
8.140354987452753
-74.76282580367615
76.84426631424623
-134.64032715412606
24.79335139674643
43.9561736310292
-36.37785191889555
73.87045259264346
-55.771904927585055
18.611586232334403
-34.67156422373314
36.9795474386915
-6.394413108540888
72.70182562073482
-25.63793662047943
24.932652318783084
-73.6489633388769
20.795900904362597
72.25180672404733
10.652452686696677
-108.01456057902595
-6.665348797628823
71.25412119629877
-31.48051322632486
66.11284108802217
7.781448699544939
7.432457927751745
69.65590890173283
-21.610687489521922
22.020423834199605
10.04578254647496
27.20203848992942
-30.808830189060302
-98.65991617986083
60.1151770165395
-5.30187767746105
-39.34657306258273
60.34773633646867
-200.30148726545815
20.41126431982802
16.77694937902001
45.47265212689648
97.16499076668208
38.05079484453333
-32.676192479322154
-211.0499777202889
-31.848858213826155
-132.18326735957558
45.08753591252467
60.886033626010644
36.0804713580833
-6.459997609236694
101.66880930975603
38.57903295637304
75.70368624658872
-93.18769693438773
25.709780540778482
45.327251051890116
44.30597037231037
-38.958451566921305
-160.06348015856983
20.149741852104682
-56.78489537349601
19.758076511700267
71.41035504563237
40.2568225809207
10.914381010954926
32.50171660323825
55.94019150740087
6.476209121921897
-55.84420096833147
67.34932200445922
-21.25979270854286
19.128380923335627
-67.8567326232162
-1.7389839345728006
-3.786550174124109
32.23357323794151
67.70094099279439
43.41192081485031
34.025148908202496
48.70886359098242
-113.88007580439493
-3.568022013207317
-65.5267056468052
-121.72856207410625
-159.94862263235964
-61.8257481318098
-23.317187475145943
-34.938138821227604
30.490300521607708
8.493730129986986
75.39674628840004
51.572837338038056
-12.087295401692927
17.788853658401365
6.0192627347312495
41.961425159913546
-15.87342366000793
31.146939499239373
-87.305421691133
